Time : 35149282
Iter : 250000
eValue : 4.96761123936597571
eVec : 0.01645612951935444	0.01811684035528372	0.01157395403914056	-0.61521786993251693	-0.27454497408631889	-0.33464833425118606	0.27352361879370940	0.09977885277402783	0.37477318110804869	0.03158560177265398	0.09606411491659993	0.09158413291898247	-0.17636945061399750	-0.08568238394560393	0.03231528204280804	-0.01777219818141424	0.01908881348615716	0.06443917506641088	0.14002253127501751	0.13618072765334355	0.22935763781766549	0.01606651399265952	-0.00614927128746283	0.02173883327216010	-0.12198674886430905	-0.14914010054570481	-0.10108747849431243	0.07307784027525713	0.02394738853994003	-0.02155022714368725	
Time : 35149288, eSize : 0
0	25607.88307605643785791	-0.048190	-0.050078	-0.049188	0.610320	0.262173	0.352431	-0.275151	-0.131272	-0.355770	0.058837	0.013959	-0.001680	0.159171	0.051633	-0.077175	0.005795	0.006155	-0.042271	-0.202677	-0.160863	-0.244745	0.000258	0.035950	-0.000767	0.092305	0.113187	0.065533	-0.107937	-0.047907	-0.024689
1	4.83867612503418609	-0.019656	-0.021605	-0.014986	0.615189	0.274294	0.335982	-0.273224	-0.100595	-0.373046	-0.025761	-0.089749	-0.086482	0.175012	0.084040	-0.034355	0.018480	-0.017043	-0.061860	-0.144879	-0.139326	-0.233625	-0.015665	0.007312	-0.020952	0.121047	0.147676	0.100453	-0.074750	-0.024862	0.020104
2	4.96706278372077215	-0.016741	-0.018433	-0.011854	0.615115	0.274491	0.334672	-0.273449	-0.099784	-0.374605	-0.031216	-0.095662	-0.091279	0.176276	0.085563	-0.032423	0.017982	-0.018831	-0.064087	-0.140534	-0.136573	-0.229871	-0.016079	0.006180	-0.021720	0.122025	0.149140	0.101160	-0.073196	-0.024006	0.021501
3	4.96760712993500153	-0.016484	-0.018148	-0.011600	0.615199	0.274536	0.334643	-0.273513	-0.099775	-0.374756	-0.031560	-0.096035	-0.091565	0.176363	0.085672	-0.032321	0.017806	-0.019055	-0.064392	-0.140082	-0.136229	-0.229419	-0.016071	0.006147	-0.021740	0.122000	0.149150	0.101104	-0.073089	-0.023953	0.021549
4	4.96761118993869655	-0.016459	-0.018120	-0.011577	0.615215	0.274544	0.334647	-0.273522	-0.099778	-0.374771	-0.031584	-0.096062	-0.091583	0.176369	0.085681	-0.032315	0.017777	-0.019085	-0.064433	-0.140030	-0.136187	-0.229365	-0.016067	0.006149	-0.021739	0.121989	0.149142	0.101090	-0.073079	-0.023948	0.021550
5	4.96761123864690735	-0.016456	-0.018117	-0.011574	0.615218	0.274545	0.334648	-0.273523	-0.099779	-0.374773	-0.031585	-0.096064	-0.091584	0.176369	0.085682	-0.032315	0.017773	-0.019088	-0.064438	-0.140023	-0.136181	-0.229359	-0.016067	0.006149	-0.021739	0.121987	0.149140	0.101088	-0.073078	-0.023947	0.021550
6	4.96761123935498539	-0.016456	-0.018117	-0.011574	0.615218	0.274545	0.334648	-0.273524	-0.099779	-0.374773	-0.031586	-0.096064	-0.091584	0.176369	0.085682	-0.032315	0.017772	-0.019089	-0.064439	-0.140023	-0.136181	-0.229358	-0.016067	0.006149	-0.021739	0.121987	0.149140	0.101088	-0.073078	-0.023947	0.021550
7	4.96761123937577320	-0.016456	-0.018117	-0.011574	0.615218	0.274545	0.334648	-0.273524	-0.099779	-0.374773	-0.031586	-0.096064	-0.091584	0.176369	0.085682	-0.032315	0.017772	-0.019089	-0.064439	-0.140022	-0.136181	-0.229358	-0.016067	0.006149	-0.021739	0.121987	0.149140	0.101087	-0.073078	-0.023947	0.021550
8	4.96761123936590288	-0.016456	-0.018117	-0.011574	0.615218	0.274545	0.334648	-0.273524	-0.099779	-0.374773	-0.031586	-0.096064	-0.091584	0.176369	0.085682	-0.032315	0.017772	-0.019089	-0.064439	-0.140023	-0.136181	-0.229358	-0.016067	0.006149	-0.021739	0.121987	0.149140	0.101087	-0.073078	-0.023947	0.021550
9	4.96761123936604498	-0.016456	-0.018117	-0.011574	0.615218	0.274545	0.334648	-0.273524	-0.099779	-0.374773	-0.031586	-0.096064	-0.091584	0.176369	0.085682	-0.032315	0.017772	-0.019089	-0.064439	-0.140023	-0.136181	-0.229358	-0.016067	0.006149	-0.021739	0.121987	0.149140	0.101087	-0.073078	-0.023947	0.021550
10	4.96761123936597748	-0.016456	-0.018117	-0.011574	0.615218	0.274545	0.334648	-0.273524	-0.099779	-0.374773	-0.031586	-0.096064	-0.091584	0.176369	0.085682	-0.032315	0.017772	-0.019089	-0.064439	-0.140023	-0.136181	-0.229358	-0.016067	0.006149	-0.021739	0.121987	0.149140	0.101087	-0.073078	-0.023947	0.021550
11	4.96761123936597571	-0.016456	-0.018117	-0.011574	0.615218	0.274545	0.334648	-0.273524	-0.099779	-0.374773	-0.031586	-0.096064	-0.091584	0.176369	0.085682	-0.032315	0.017772	-0.019089	-0.064439	-0.140023	-0.136181	-0.229358	-0.016067	0.006149	-0.021739	0.121987	0.149140	0.101087	-0.073078	-0.023947	0.021550
12	4.96761123936597837	-0.016456	-0.018117	-0.011574	0.615218	0.274545	0.334648	-0.273524	-0.099779	-0.374773	-0.031586	-0.096064	-0.091584	0.176369	0.085682	-0.032315	0.017772	-0.019089	-0.064439	-0.140023	-0.136181	-0.229358	-0.016067	0.006149	-0.021739	0.121987	0.149140	0.101087	-0.073078	-0.023947	0.021550
13	4.96761123936597571	-0.016456	-0.018117	-0.011574	0.615218	0.274545	0.334648	-0.273524	-0.099779	-0.374773	-0.031586	-0.096064	-0.091584	0.176369	0.085682	-0.032315	0.017772	-0.019089	-0.064439	-0.140023	-0.136181	-0.229358	-0.016067	0.006149	-0.021739	0.121987	0.149140	0.101087	-0.073078	-0.023947	0.021550
14	4.96761123936597837	-0.016456	-0.018117	-0.011574	0.615218	0.274545	0.334648	-0.273524	-0.099779	-0.374773	-0.031586	-0.096064	-0.091584	0.176369	0.085682	-0.032315	0.017772	-0.019089	-0.064439	-0.140023	-0.136181	-0.229358	-0.016067	0.006149	-0.021739	0.121987	0.149140	0.101087	-0.073078	-0.023947	0.021550
15	4.96761123936597748	-0.016456	-0.018117	-0.011574	0.615218	0.274545	0.334648	-0.273524	-0.099779	-0.374773	-0.031586	-0.096064	-0.091584	0.176369	0.085682	-0.032315	0.017772	-0.019089	-0.064439	-0.140023	-0.136181	-0.229358	-0.016067	0.006149	-0.021739	0.121987	0.149140	0.101087	-0.073078	-0.023947	0.021550
16	4.96761123936597659	-0.016456	-0.018117	-0.011574	0.615218	0.274545	0.334648	-0.273524	-0.099779	-0.374773	-0.031586	-0.096064	-0.091584	0.176369	0.085682	-0.032315	0.017772	-0.019089	-0.064439	-0.140023	-0.136181	-0.229358	-0.016067	0.006149	-0.021739	0.121987	0.149140	0.101087	-0.073078	-0.023947	0.021550
17	4.96761123936597837	-0.016456	-0.018117	-0.011574	0.615218	0.274545	0.334648	-0.273524	-0.099779	-0.374773	-0.031586	-0.096064	-0.091584	0.176369	0.085682	-0.032315	0.017772	-0.019089	-0.064439	-0.140023	-0.136181	-0.229358	-0.016067	0.006149	-0.021739	0.121987	0.149140	0.101087	-0.073078	-0.023947	0.021550
18	4.96761123936597659	-0.016456	-0.018117	-0.011574	0.615218	0.274545	0.334648	-0.273524	-0.099779	-0.374773	-0.031586	-0.096064	-0.091584	0.176369	0.085682	-0.032315	0.017772	-0.019089	-0.064439	-0.140023	-0.136181	-0.229358	-0.016067	0.006149	-0.021739	0.121987	0.149140	0.101087	-0.073078	-0.023947	0.021550
19	4.96761123936597748	-0.016456	-0.018117	-0.011574	0.615218	0.274545	0.334648	-0.273524	-0.099779	-0.374773	-0.031586	-0.096064	-0.091584	0.176369	0.085682	-0.032315	0.017772	-0.019089	-0.064439	-0.140023	-0.136181	-0.229358	-0.016067	0.006149	-0.021739	0.121987	0.149140	0.101087	-0.073078	-0.023947	0.021550
20	4.96761123936597748	-0.016456	-0.018117	-0.011574	0.615218	0.274545	0.334648	-0.273524	-0.099779	-0.374773	-0.031586	-0.096064	-0.091584	0.176369	0.085682	-0.032315	0.017772	-0.019089	-0.064439	-0.140023	-0.136181	-0.229358	-0.016067	0.006149	-0.021739	0.121987	0.149140	0.101087	-0.073078	-0.023947	0.021550
suc

Time : 35167070
Iter : 250000
eValue : 4.96761123936597571
eVec : 0.01645612951935444	0.01811684035528372	0.01157395403914056	-0.61521786993251693	-0.27454497408631889	-0.33464833425118606	0.27352361879370940	0.09977885277402783	0.37477318110804869	0.03158560177265398	0.09606411491659993	0.09158413291898247	-0.17636945061399750	-0.08568238394560393	0.03231528204280804	-0.01777219818141424	0.01908881348615716	0.06443917506641088	0.14002253127501751	0.13618072765334355	0.22935763781766549	0.01606651399265952	-0.00614927128746283	0.02173883327216010	-0.12198674886430905	-0.14914010054570481	-0.10108747849431243	0.07307784027525713	0.02394738853994003	-0.02155022714368725	
Time : 35167073, eSize : 0
0	25607.88307605643785791	-0.048190	-0.050078	-0.049188	0.610320	0.262173	0.352431	-0.275151	-0.131272	-0.355770	0.058837	0.013959	-0.001680	0.159171	0.051633	-0.077175	0.005795	0.006155	-0.042271	-0.202677	-0.160863	-0.244745	0.000258	0.035950	-0.000767	0.092305	0.113187	0.065533	-0.107937	-0.047907	-0.024689
1	4.83867612503418609	-0.019656	-0.021605	-0.014986	0.615189	0.274294	0.335982	-0.273224	-0.100595	-0.373046	-0.025761	-0.089749	-0.086482	0.175012	0.084040	-0.034355	0.018480	-0.017043	-0.061860	-0.144879	-0.139326	-0.233625	-0.015665	0.007312	-0.020952	0.121047	0.147676	0.100453	-0.074750	-0.024862	0.020104
2	4.96706278372077215	-0.016741	-0.018433	-0.011854	0.615115	0.274491	0.334672	-0.273449	-0.099784	-0.374605	-0.031216	-0.095662	-0.091279	0.176276	0.085563	-0.032423	0.017982	-0.018831	-0.064087	-0.140534	-0.136573	-0.229871	-0.016079	0.006180	-0.021720	0.122025	0.149140	0.101160	-0.073196	-0.024006	0.021501
3	4.96760712993500153	-0.016484	-0.018148	-0.011600	0.615199	0.274536	0.334643	-0.273513	-0.099775	-0.374756	-0.031560	-0.096035	-0.091565	0.176363	0.085672	-0.032321	0.017806	-0.019055	-0.064392	-0.140082	-0.136229	-0.229419	-0.016071	0.006147	-0.021740	0.122000	0.149150	0.101104	-0.073089	-0.023953	0.021549
4	4.96761118993869655	-0.016459	-0.018120	-0.011577	0.615215	0.274544	0.334647	-0.273522	-0.099778	-0.374771	-0.031584	-0.096062	-0.091583	0.176369	0.085681	-0.032315	0.017777	-0.019085	-0.064433	-0.140030	-0.136187	-0.229365	-0.016067	0.006149	-0.021739	0.121989	0.149142	0.101090	-0.073079	-0.023948	0.021550
5	4.96761123864690735	-0.016456	-0.018117	-0.011574	0.615218	0.274545	0.334648	-0.273523	-0.099779	-0.374773	-0.031585	-0.096064	-0.091584	0.176369	0.085682	-0.032315	0.017773	-0.019088	-0.064438	-0.140023	-0.136181	-0.229359	-0.016067	0.006149	-0.021739	0.121987	0.149140	0.101088	-0.073078	-0.023947	0.021550
6	4.96761123935498539	-0.016456	-0.018117	-0.011574	0.615218	0.274545	0.334648	-0.273524	-0.099779	-0.374773	-0.031586	-0.096064	-0.091584	0.176369	0.085682	-0.032315	0.017772	-0.019089	-0.064439	-0.140023	-0.136181	-0.229358	-0.016067	0.006149	-0.021739	0.121987	0.149140	0.101088	-0.073078	-0.023947	0.021550
7	4.96761123937577320	-0.016456	-0.018117	-0.011574	0.615218	0.274545	0.334648	-0.273524	-0.099779	-0.374773	-0.031586	-0.096064	-0.091584	0.176369	0.085682	-0.032315	0.017772	-0.019089	-0.064439	-0.140022	-0.136181	-0.229358	-0.016067	0.006149	-0.021739	0.121987	0.149140	0.101087	-0.073078	-0.023947	0.021550
8	4.96761123936590288	-0.016456	-0.018117	-0.011574	0.615218	0.274545	0.334648	-0.273524	-0.099779	-0.374773	-0.031586	-0.096064	-0.091584	0.176369	0.085682	-0.032315	0.017772	-0.019089	-0.064439	-0.140023	-0.136181	-0.229358	-0.016067	0.006149	-0.021739	0.121987	0.149140	0.101087	-0.073078	-0.023947	0.021550
9	4.96761123936604498	-0.016456	-0.018117	-0.011574	0.615218	0.274545	0.334648	-0.273524	-0.099779	-0.374773	-0.031586	-0.096064	-0.091584	0.176369	0.085682	-0.032315	0.017772	-0.019089	-0.064439	-0.140023	-0.136181	-0.229358	-0.016067	0.006149	-0.021739	0.121987	0.149140	0.101087	-0.073078	-0.023947	0.021550
10	4.96761123936597748	-0.016456	-0.018117	-0.011574	0.615218	0.274545	0.334648	-0.273524	-0.099779	-0.374773	-0.031586	-0.096064	-0.091584	0.176369	0.085682	-0.032315	0.017772	-0.019089	-0.064439	-0.140023	-0.136181	-0.229358	-0.016067	0.006149	-0.021739	0.121987	0.149140	0.101087	-0.073078	-0.023947	0.021550
11	4.96761123936597571	-0.016456	-0.018117	-0.011574	0.615218	0.274545	0.334648	-0.273524	-0.099779	-0.374773	-0.031586	-0.096064	-0.091584	0.176369	0.085682	-0.032315	0.017772	-0.019089	-0.064439	-0.140023	-0.136181	-0.229358	-0.016067	0.006149	-0.021739	0.121987	0.149140	0.101087	-0.073078	-0.023947	0.021550
12	4.96761123936597837	-0.016456	-0.018117	-0.011574	0.615218	0.274545	0.334648	-0.273524	-0.099779	-0.374773	-0.031586	-0.096064	-0.091584	0.176369	0.085682	-0.032315	0.017772	-0.019089	-0.064439	-0.140023	-0.136181	-0.229358	-0.016067	0.006149	-0.021739	0.121987	0.149140	0.101087	-0.073078	-0.023947	0.021550
13	4.96761123936597571	-0.016456	-0.018117	-0.011574	0.615218	0.274545	0.334648	-0.273524	-0.099779	-0.374773	-0.031586	-0.096064	-0.091584	0.176369	0.085682	-0.032315	0.017772	-0.019089	-0.064439	-0.140023	-0.136181	-0.229358	-0.016067	0.006149	-0.021739	0.121987	0.149140	0.101087	-0.073078	-0.023947	0.021550
14	4.96761123936597837	-0.016456	-0.018117	-0.011574	0.615218	0.274545	0.334648	-0.273524	-0.099779	-0.374773	-0.031586	-0.096064	-0.091584	0.176369	0.085682	-0.032315	0.017772	-0.019089	-0.064439	-0.140023	-0.136181	-0.229358	-0.016067	0.006149	-0.021739	0.121987	0.149140	0.101087	-0.073078	-0.023947	0.021550
15	4.96761123936597748	-0.016456	-0.018117	-0.011574	0.615218	0.274545	0.334648	-0.273524	-0.099779	-0.374773	-0.031586	-0.096064	-0.091584	0.176369	0.085682	-0.032315	0.017772	-0.019089	-0.064439	-0.140023	-0.136181	-0.229358	-0.016067	0.006149	-0.021739	0.121987	0.149140	0.101087	-0.073078	-0.023947	0.021550
16	4.96761123936597659	-0.016456	-0.018117	-0.011574	0.615218	0.274545	0.334648	-0.273524	-0.099779	-0.374773	-0.031586	-0.096064	-0.091584	0.176369	0.085682	-0.032315	0.017772	-0.019089	-0.064439	-0.140023	-0.136181	-0.229358	-0.016067	0.006149	-0.021739	0.121987	0.149140	0.101087	-0.073078	-0.023947	0.021550
17	4.96761123936597837	-0.016456	-0.018117	-0.011574	0.615218	0.274545	0.334648	-0.273524	-0.099779	-0.374773	-0.031586	-0.096064	-0.091584	0.176369	0.085682	-0.032315	0.017772	-0.019089	-0.064439	-0.140023	-0.136181	-0.229358	-0.016067	0.006149	-0.021739	0.121987	0.149140	0.101087	-0.073078	-0.023947	0.021550
18	4.96761123936597659	-0.016456	-0.018117	-0.011574	0.615218	0.274545	0.334648	-0.273524	-0.099779	-0.374773	-0.031586	-0.096064	-0.091584	0.176369	0.085682	-0.032315	0.017772	-0.019089	-0.064439	-0.140023	-0.136181	-0.229358	-0.016067	0.006149	-0.021739	0.121987	0.149140	0.101087	-0.073078	-0.023947	0.021550
19	4.96761123936597748	-0.016456	-0.018117	-0.011574	0.615218	0.274545	0.334648	-0.273524	-0.099779	-0.374773	-0.031586	-0.096064	-0.091584	0.176369	0.085682	-0.032315	0.017772	-0.019089	-0.064439	-0.140023	-0.136181	-0.229358	-0.016067	0.006149	-0.021739	0.121987	0.149140	0.101087	-0.073078	-0.023947	0.021550
20	4.96761123936597748	-0.016456	-0.018117	-0.011574	0.615218	0.274545	0.334648	-0.273524	-0.099779	-0.374773	-0.031586	-0.096064	-0.091584	0.176369	0.085682	-0.032315	0.017772	-0.019089	-0.064439	-0.140023	-0.136181	-0.229358	-0.016067	0.006149	-0.021739	0.121987	0.149140	0.101087	-0.073078	-0.023947	0.021550
suc

Time : 36383682
Iter : 250000
eValue : 6.07726750267696403
eVec : 0.03141164875020719	-0.07357362029133160	-0.02162663432439824	0.02651188439355156	-0.00840087263401405	0.07439855802058110	-0.13432844287226442	-0.17609056576756807	-0.36427696454620423	0.04263113145215190	0.07851409283436438	-0.00150176887055698	-0.26380623048531504	-0.21160344564241756	-0.14571152510993193	-0.07897504068067063	-0.12037939990569120	-0.12167526339092158	0.39119290685662489	0.47951306617103229	0.42654600545315752	-0.14892867744238933	-0.13470388989100729	-0.11017129738981582	0.03569349737351484	-0.02604938507653724	-0.00604034217504320	0.07963459500806756	0.01532819790942369	0.00456821124327374	
Time : 36383685, eSize : 0
0	47250.46214355866686674	-0.034358	0.082715	0.029456	-0.046833	-0.008481	-0.085969	0.128910	0.163682	0.344422	-0.047663	-0.090143	0.001773	0.220957	0.172601	0.102610	0.083004	0.135221	0.142434	-0.389627	-0.530154	-0.442283	0.122760	0.121135	0.096724	-0.008357	0.048777	0.019946	-0.062787	-0.003945	0.004748
1	6.03653255677553791	-0.031577	0.074096	0.021885	-0.026598	0.008302	-0.074231	0.134194	0.175695	0.363837	-0.042725	-0.078730	0.001750	0.261693	0.209794	0.143749	0.078747	0.120719	0.122009	-0.391391	-0.481855	-0.427448	0.148262	0.134412	0.109782	-0.034788	0.026852	0.006598	-0.079035	-0.014910	-0.004242
2	6.07720020391478055	-0.031412	0.073604	0.021644	-0.026486	0.008418	-0.074369	0.134328	0.176083	0.364261	-0.042636	-0.078523	0.001511	0.263702	0.211513	0.145617	0.078950	0.120376	0.121670	-0.391216	-0.479620	-0.426593	0.148902	0.134692	0.110152	-0.035655	0.026086	0.006067	-0.079605	-0.015307	-0.004552
3	6.07726734251650846	-0.031411	0.073575	0.021628	-0.026509	0.008403	-0.074396	0.134329	0.176091	0.364276	-0.042632	-0.078515	0.001502	0.263801	0.211599	0.145707	0.078973	0.120378	0.121674	-0.391195	-0.479518	-0.426549	0.148927	0.134703	0.110170	-0.035692	0.026051	0.006042	-0.079633	-0.015327	-0.004567
4	6.07726750220497181	-0.031412	0.073574	0.021627	-0.026512	0.008401	-0.074398	0.134328	0.176091	0.364277	-0.042631	-0.078514	0.001502	0.263806	0.211603	0.145711	0.078975	0.120379	0.121675	-0.391193	-0.479513	-0.426546	0.148929	0.134704	0.110171	-0.035693	0.026049	0.006040	-0.079634	-0.015328	-0.004568
5	6.07726750267538396	-0.031412	0.073574	0.021627	-0.026512	0.008401	-0.074399	0.134328	0.176091	0.364277	-0.042631	-0.078514	0.001502	0.263806	0.211603	0.145712	0.078975	0.120379	0.121675	-0.391193	-0.479513	-0.426546	0.148929	0.134704	0.110171	-0.035693	0.026049	0.006040	-0.079635	-0.015328	-0.004568
6	6.07726750267696048	-0.031412	0.073574	0.021627	-0.026512	0.008401	-0.074399	0.134328	0.176091	0.364277	-0.042631	-0.078514	0.001502	0.263806	0.211603	0.145712	0.078975	0.120379	0.121675	-0.391193	-0.479513	-0.426546	0.148929	0.134704	0.110171	-0.035693	0.026049	0.006040	-0.079635	-0.015328	-0.004568
7	6.07726750267696936	-0.031412	0.073574	0.021627	-0.026512	0.008401	-0.074399	0.134328	0.176091	0.364277	-0.042631	-0.078514	0.001502	0.263806	0.211603	0.145712	0.078975	0.120379	0.121675	-0.391193	-0.479513	-0.426546	0.148929	0.134704	0.110171	-0.035693	0.026049	0.006040	-0.079635	-0.015328	-0.004568
8	6.07726750267696492	-0.031412	0.073574	0.021627	-0.026512	0.008401	-0.074399	0.134328	0.176091	0.364277	-0.042631	-0.078514	0.001502	0.263806	0.211603	0.145712	0.078975	0.120379	0.121675	-0.391193	-0.479513	-0.426546	0.148929	0.134704	0.110171	-0.035693	0.026049	0.006040	-0.079635	-0.015328	-0.004568
9	6.07726750267696492	-0.031412	0.073574	0.021627	-0.026512	0.008401	-0.074399	0.134328	0.176091	0.364277	-0.042631	-0.078514	0.001502	0.263806	0.211603	0.145712	0.078975	0.120379	0.121675	-0.391193	-0.479513	-0.426546	0.148929	0.134704	0.110171	-0.035693	0.026049	0.006040	-0.079635	-0.015328	-0.004568
suc

Time : 36402810
Iter : 250000
eValue : 6.07726750267696403
eVec : 0.03141164875020719	-0.07357362029133160	-0.02162663432439824	0.02651188439355156	-0.00840087263401405	0.07439855802058110	-0.13432844287226442	-0.17609056576756807	-0.36427696454620423	0.04263113145215190	0.07851409283436438	-0.00150176887055698	-0.26380623048531504	-0.21160344564241756	-0.14571152510993193	-0.07897504068067063	-0.12037939990569120	-0.12167526339092158	0.39119290685662489	0.47951306617103229	0.42654600545315752	-0.14892867744238933	-0.13470388989100729	-0.11017129738981582	0.03569349737351484	-0.02604938507653724	-0.00604034217504320	0.07963459500806756	0.01532819790942369	0.00456821124327374	
Time : 36402813, eSize : 0
0	47250.46214355866686674	-0.034358	0.082715	0.029456	-0.046833	-0.008481	-0.085969	0.128910	0.163682	0.344422	-0.047663	-0.090143	0.001773	0.220957	0.172601	0.102610	0.083004	0.135221	0.142434	-0.389627	-0.530154	-0.442283	0.122760	0.121135	0.096724	-0.008357	0.048777	0.019946	-0.062787	-0.003945	0.004748
1	6.03653255677553791	-0.031577	0.074096	0.021885	-0.026598	0.008302	-0.074231	0.134194	0.175695	0.363837	-0.042725	-0.078730	0.001750	0.261693	0.209794	0.143749	0.078747	0.120719	0.122009	-0.391391	-0.481855	-0.427448	0.148262	0.134412	0.109782	-0.034788	0.026852	0.006598	-0.079035	-0.014910	-0.004242
2	6.07720020391478055	-0.031412	0.073604	0.021644	-0.026486	0.008418	-0.074369	0.134328	0.176083	0.364261	-0.042636	-0.078523	0.001511	0.263702	0.211513	0.145617	0.078950	0.120376	0.121670	-0.391216	-0.479620	-0.426593	0.148902	0.134692	0.110152	-0.035655	0.026086	0.006067	-0.079605	-0.015307	-0.004552
3	6.07726734251650846	-0.031411	0.073575	0.021628	-0.026509	0.008403	-0.074396	0.134329	0.176091	0.364276	-0.042632	-0.078515	0.001502	0.263801	0.211599	0.145707	0.078973	0.120378	0.121674	-0.391195	-0.479518	-0.426549	0.148927	0.134703	0.110170	-0.035692	0.026051	0.006042	-0.079633	-0.015327	-0.004567
4	6.07726750220497181	-0.031412	0.073574	0.021627	-0.026512	0.008401	-0.074398	0.134328	0.176091	0.364277	-0.042631	-0.078514	0.001502	0.263806	0.211603	0.145711	0.078975	0.120379	0.121675	-0.391193	-0.479513	-0.426546	0.148929	0.134704	0.110171	-0.035693	0.026049	0.006040	-0.079634	-0.015328	-0.004568
5	6.07726750267538396	-0.031412	0.073574	0.021627	-0.026512	0.008401	-0.074399	0.134328	0.176091	0.364277	-0.042631	-0.078514	0.001502	0.263806	0.211603	0.145712	0.078975	0.120379	0.121675	-0.391193	-0.479513	-0.426546	0.148929	0.134704	0.110171	-0.035693	0.026049	0.006040	-0.079635	-0.015328	-0.004568
6	6.07726750267696048	-0.031412	0.073574	0.021627	-0.026512	0.008401	-0.074399	0.134328	0.176091	0.364277	-0.042631	-0.078514	0.001502	0.263806	0.211603	0.145712	0.078975	0.120379	0.121675	-0.391193	-0.479513	-0.426546	0.148929	0.134704	0.110171	-0.035693	0.026049	0.006040	-0.079635	-0.015328	-0.004568
7	6.07726750267696936	-0.031412	0.073574	0.021627	-0.026512	0.008401	-0.074399	0.134328	0.176091	0.364277	-0.042631	-0.078514	0.001502	0.263806	0.211603	0.145712	0.078975	0.120379	0.121675	-0.391193	-0.479513	-0.426546	0.148929	0.134704	0.110171	-0.035693	0.026049	0.006040	-0.079635	-0.015328	-0.004568
8	6.07726750267696492	-0.031412	0.073574	0.021627	-0.026512	0.008401	-0.074399	0.134328	0.176091	0.364277	-0.042631	-0.078514	0.001502	0.263806	0.211603	0.145712	0.078975	0.120379	0.121675	-0.391193	-0.479513	-0.426546	0.148929	0.134704	0.110171	-0.035693	0.026049	0.006040	-0.079635	-0.015328	-0.004568
9	6.07726750267696492	-0.031412	0.073574	0.021627	-0.026512	0.008401	-0.074399	0.134328	0.176091	0.364277	-0.042631	-0.078514	0.001502	0.263806	0.211603	0.145712	0.078975	0.120379	0.121675	-0.391193	-0.479513	-0.426546	0.148929	0.134704	0.110171	-0.035693	0.026049	0.006040	-0.079635	-0.015328	-0.004568
suc

Time : 68753257
Iter : 250000
eValue : 4.85461060990363347
eVec : -0.13184491070097254	-0.14543404736567303	-0.01597269162296571	-0.02856204485033093	0.03769847790158332	-0.06390203224126213	-0.10000609909131140	0.07501191745274319	-0.03798081801439700	0.05474817819351911	0.00622098093976494	0.01935711617228056	-0.03822076518421546	-0.11241314644825497	0.00011882139311255	0.01047128193275748	0.00546294896520421	-0.04880095597483777	0.02369310894165179	0.01948439382810662	0.00221955527227873	-0.56456977883069370	-0.29080580594078925	-0.32217899100455533	0.26516243649734478	0.47729841124020489	0.27265659478628429	-0.09939338167200468	-0.11854010387427702	-0.11550240737900225	
Time : 68753259, eSize : 0
0	69411.70571386055962648	0.121326	0.140753	-0.003656	0.030399	-0.041786	0.058908	0.105162	-0.077957	0.024161	-0.077405	-0.012113	-0.033122	0.028818	0.089955	-0.034807	-0.010003	-0.024518	0.040638	-0.036163	-0.025822	-0.007050	0.487002	0.320686	0.316855	-0.256157	-0.473215	-0.249012	0.186986	0.202886	0.227507
1	4.76280256786066492	0.131329	0.145791	0.014697	0.028840	-0.037581	0.063527	0.103483	-0.073376	0.040844	-0.057863	-0.007936	-0.021405	0.030814	0.107837	-0.006209	-0.013428	-0.009667	0.046490	-0.025074	-0.020412	-0.003192	0.554007	0.290232	0.319604	-0.265412	-0.480567	-0.271845	0.116237	0.132232	0.132947
2	4.85204782137311419	0.131935	0.145657	0.015927	0.028627	-0.037574	0.063920	0.100766	-0.074617	0.038762	-0.055321	-0.006599	-0.019738	0.036453	0.111473	-0.001292	-0.011070	-0.006165	0.048443	-0.023919	-0.019701	-0.002438	0.562543	0.290250	0.321480	-0.265423	-0.478222	-0.272837	0.102532	0.121000	0.118617
3	4.85451721535599034	0.131881	0.145493	0.015981	0.028577	-0.037660	0.063916	0.100157	-0.074934	0.038145	-0.054857	-0.006301	-0.019431	0.037856	0.112229	-0.000346	-0.010585	-0.005580	0.048744	-0.023738	-0.019534	-0.002268	0.564161	0.290657	0.322020	-0.265238	-0.477506	-0.272727	0.099993	0.119005	0.116092
4	4.85460703330632892	0.131854	0.145447	0.015976	0.028565	-0.037689	0.063906	0.100036	-0.074997	0.038014	-0.054769	-0.006237	-0.019372	0.038149	0.112378	-0.000162	-0.010493	-0.005484	0.048791	-0.023702	-0.019495	-0.002230	0.564487	0.290772	0.322145	-0.265180	-0.477342	-0.272674	0.099510	0.118630	0.115617
5	4.85461372430722715	0.131841	0.145427	0.015971	0.028560	-0.037703	0.063900	0.099990	-0.075020	0.037964	-0.054737	-0.006213	-0.019350	0.038259	0.112432	-0.000095	-0.010460	-0.005452	0.048806	-0.023688	-0.019479	-0.002214	0.564613	0.290822	0.322196	-0.265154	-0.477276	-0.272648	0.099332	0.118493	0.115442
6	4.85461057163452203	0.131844	0.145433	0.015972	0.028562	-0.037700	0.063902	0.100003	-0.075013	0.037977	-0.054746	-0.006219	-0.019356	0.038228	0.112417	-0.000114	-0.010469	-0.005461	0.048802	-0.023692	-0.019483	-0.002218	0.564578	0.290809	0.322183	-0.265161	-0.477294	-0.272655	0.099381	0.118531	0.115491
7	4.85461064322414249	0.131845	0.145435	0.015973	0.028562	-0.037698	0.063902	0.100008	-0.075011	0.037983	-0.054749	-0.006222	-0.019358	0.038217	0.112411	-0.000121	-0.010472	-0.005464	0.048800	-0.023694	-0.019485	-0.002220	0.564565	0.290804	0.322177	-0.265163	-0.477301	-0.272658	0.099400	0.118545	0.115509
8	4.85461060949349665	0.131845	0.145434	0.015973	0.028562	-0.037698	0.063902	0.100006	-0.075012	0.037981	-0.054748	-0.006221	-0.019357	0.038220	0.112413	-0.000119	-0.010472	-0.005463	0.048801	-0.023693	-0.019485	-0.002220	0.564569	0.290805	0.322179	-0.265163	-0.477299	-0.272657	0.099395	0.118541	0.115504
9	4.85461061026071761	0.131845	0.145434	0.015973	0.028562	-0.037699	0.063902	0.100006	-0.075012	0.037981	-0.054748	-0.006221	-0.019357	0.038221	0.112413	-0.000119	-0.010471	-0.005463	0.048801	-0.023693	-0.019484	-0.002219	0.564570	0.290806	0.322179	-0.265162	-0.477298	-0.272656	0.099393	0.118540	0.115502
10	4.85461060989923698	0.131845	0.145434	0.015973	0.028562	-0.037698	0.063902	0.100006	-0.075012	0.037981	-0.054748	-0.006221	-0.019357	0.038221	0.112413	-0.000119	-0.010471	-0.005463	0.048801	-0.023693	-0.019484	-0.002220	0.564570	0.290806	0.322179	-0.265162	-0.477298	-0.272657	0.099393	0.118540	0.115502
11	4.85461060990746240	0.131845	0.145434	0.015973	0.028562	-0.037698	0.063902	0.100006	-0.075012	0.037981	-0.054748	-0.006221	-0.019357	0.038221	0.112413	-0.000119	-0.010471	-0.005463	0.048801	-0.023693	-0.019484	-0.002220	0.564570	0.290806	0.322179	-0.265162	-0.477298	-0.272657	0.099393	0.118540	0.115502
12	4.85461060990358728	0.131845	0.145434	0.015973	0.028562	-0.037698	0.063902	0.100006	-0.075012	0.037981	-0.054748	-0.006221	-0.019357	0.038221	0.112413	-0.000119	-0.010471	-0.005463	0.048801	-0.023693	-0.019484	-0.002220	0.564570	0.290806	0.322179	-0.265162	-0.477298	-0.272657	0.099393	0.118540	0.115502
13	4.85461060990367521	0.131845	0.145434	0.015973	0.028562	-0.037698	0.063902	0.100006	-0.075012	0.037981	-0.054748	-0.006221	-0.019357	0.038221	0.112413	-0.000119	-0.010471	-0.005463	0.048801	-0.023693	-0.019484	-0.002220	0.564570	0.290806	0.322179	-0.265162	-0.477298	-0.272657	0.099393	0.118540	0.115502
14	4.85461060990363436	0.131845	0.145434	0.015973	0.028562	-0.037698	0.063902	0.100006	-0.075012	0.037981	-0.054748	-0.006221	-0.019357	0.038221	0.112413	-0.000119	-0.010471	-0.005463	0.048801	-0.023693	-0.019484	-0.002220	0.564570	0.290806	0.322179	-0.265162	-0.477298	-0.272657	0.099393	0.118540	0.115502
15	4.85461060990363613	0.131845	0.145434	0.015973	0.028562	-0.037698	0.063902	0.100006	-0.075012	0.037981	-0.054748	-0.006221	-0.019357	0.038221	0.112413	-0.000119	-0.010471	-0.005463	0.048801	-0.023693	-0.019484	-0.002220	0.564570	0.290806	0.322179	-0.265162	-0.477298	-0.272657	0.099393	0.118540	0.115502
16	4.85461060990363524	0.131845	0.145434	0.015973	0.028562	-0.037698	0.063902	0.100006	-0.075012	0.037981	-0.054748	-0.006221	-0.019357	0.038221	0.112413	-0.000119	-0.010471	-0.005463	0.048801	-0.023693	-0.019484	-0.002220	0.564570	0.290806	0.322179	-0.265162	-0.477298	-0.272657	0.099393	0.118540	0.115502
17	4.85461060990363436	0.131845	0.145434	0.015973	0.028562	-0.037698	0.063902	0.100006	-0.075012	0.037981	-0.054748	-0.006221	-0.019357	0.038221	0.112413	-0.000119	-0.010471	-0.005463	0.048801	-0.023693	-0.019484	-0.002220	0.564570	0.290806	0.322179	-0.265162	-0.477298	-0.272657	0.099393	0.118540	0.115502
18	4.85461060990363524	0.131845	0.145434	0.015973	0.028562	-0.037698	0.063902	0.100006	-0.075012	0.037981	-0.054748	-0.006221	-0.019357	0.038221	0.112413	-0.000119	-0.010471	-0.005463	0.048801	-0.023693	-0.019484	-0.002220	0.564570	0.290806	0.322179	-0.265162	-0.477298	-0.272657	0.099393	0.118540	0.115502
19	4.85461060990363524	0.131845	0.145434	0.015973	0.028562	-0.037698	0.063902	0.100006	-0.075012	0.037981	-0.054748	-0.006221	-0.019357	0.038221	0.112413	-0.000119	-0.010471	-0.005463	0.048801	-0.023693	-0.019484	-0.002220	0.564570	0.290806	0.322179	-0.265162	-0.477298	-0.272657	0.099393	0.118540	0.115502
suc

Time : 68783037
Iter : 250000
eValue : 4.85461060990363347
eVec : -0.13184491070097254	-0.14543404736567303	-0.01597269162296571	-0.02856204485033093	0.03769847790158332	-0.06390203224126213	-0.10000609909131140	0.07501191745274319	-0.03798081801439700	0.05474817819351911	0.00622098093976494	0.01935711617228056	-0.03822076518421546	-0.11241314644825497	0.00011882139311255	0.01047128193275748	0.00546294896520421	-0.04880095597483777	0.02369310894165179	0.01948439382810662	0.00221955527227873	-0.56456977883069370	-0.29080580594078925	-0.32217899100455533	0.26516243649734478	0.47729841124020489	0.27265659478628429	-0.09939338167200468	-0.11854010387427702	-0.11550240737900225	
Time : 68783042, eSize : 0
0	69411.70571386055962648	0.121326	0.140753	-0.003656	0.030399	-0.041786	0.058908	0.105162	-0.077957	0.024161	-0.077405	-0.012113	-0.033122	0.028818	0.089955	-0.034807	-0.010003	-0.024518	0.040638	-0.036163	-0.025822	-0.007050	0.487002	0.320686	0.316855	-0.256157	-0.473215	-0.249012	0.186986	0.202886	0.227507
1	4.76280256786066492	0.131329	0.145791	0.014697	0.028840	-0.037581	0.063527	0.103483	-0.073376	0.040844	-0.057863	-0.007936	-0.021405	0.030814	0.107837	-0.006209	-0.013428	-0.009667	0.046490	-0.025074	-0.020412	-0.003192	0.554007	0.290232	0.319604	-0.265412	-0.480567	-0.271845	0.116237	0.132232	0.132947
2	4.85204782137311419	0.131935	0.145657	0.015927	0.028627	-0.037574	0.063920	0.100766	-0.074617	0.038762	-0.055321	-0.006599	-0.019738	0.036453	0.111473	-0.001292	-0.011070	-0.006165	0.048443	-0.023919	-0.019701	-0.002438	0.562543	0.290250	0.321480	-0.265423	-0.478222	-0.272837	0.102532	0.121000	0.118617
3	4.85451721535599034	0.131881	0.145493	0.015981	0.028577	-0.037660	0.063916	0.100157	-0.074934	0.038145	-0.054857	-0.006301	-0.019431	0.037856	0.112229	-0.000346	-0.010585	-0.005580	0.048744	-0.023738	-0.019534	-0.002268	0.564161	0.290657	0.322020	-0.265238	-0.477506	-0.272727	0.099993	0.119005	0.116092
4	4.85460703330632892	0.131854	0.145447	0.015976	0.028565	-0.037689	0.063906	0.100036	-0.074997	0.038014	-0.054769	-0.006237	-0.019372	0.038149	0.112378	-0.000162	-0.010493	-0.005484	0.048791	-0.023702	-0.019495	-0.002230	0.564487	0.290772	0.322145	-0.265180	-0.477342	-0.272674	0.099510	0.118630	0.115617
5	4.85461372430722715	0.131841	0.145427	0.015971	0.028560	-0.037703	0.063900	0.099990	-0.075020	0.037964	-0.054737	-0.006213	-0.019350	0.038259	0.112432	-0.000095	-0.010460	-0.005452	0.048806	-0.023688	-0.019479	-0.002214	0.564613	0.290822	0.322196	-0.265154	-0.477276	-0.272648	0.099332	0.118493	0.115442
6	4.85461057163452203	0.131844	0.145433	0.015972	0.028562	-0.037700	0.063902	0.100003	-0.075013	0.037977	-0.054746	-0.006219	-0.019356	0.038228	0.112417	-0.000114	-0.010469	-0.005461	0.048802	-0.023692	-0.019483	-0.002218	0.564578	0.290809	0.322183	-0.265161	-0.477294	-0.272655	0.099381	0.118531	0.115491
7	4.85461064322414249	0.131845	0.145435	0.015973	0.028562	-0.037698	0.063902	0.100008	-0.075011	0.037983	-0.054749	-0.006222	-0.019358	0.038217	0.112411	-0.000121	-0.010472	-0.005464	0.048800	-0.023694	-0.019485	-0.002220	0.564565	0.290804	0.322177	-0.265163	-0.477301	-0.272658	0.099400	0.118545	0.115509
8	4.85461060949349665	0.131845	0.145434	0.015973	0.028562	-0.037698	0.063902	0.100006	-0.075012	0.037981	-0.054748	-0.006221	-0.019357	0.038220	0.112413	-0.000119	-0.010472	-0.005463	0.048801	-0.023693	-0.019485	-0.002220	0.564569	0.290805	0.322179	-0.265163	-0.477299	-0.272657	0.099395	0.118541	0.115504
9	4.85461061026071761	0.131845	0.145434	0.015973	0.028562	-0.037699	0.063902	0.100006	-0.075012	0.037981	-0.054748	-0.006221	-0.019357	0.038221	0.112413	-0.000119	-0.010471	-0.005463	0.048801	-0.023693	-0.019484	-0.002219	0.564570	0.290806	0.322179	-0.265162	-0.477298	-0.272656	0.099393	0.118540	0.115502
10	4.85461060989923698	0.131845	0.145434	0.015973	0.028562	-0.037698	0.063902	0.100006	-0.075012	0.037981	-0.054748	-0.006221	-0.019357	0.038221	0.112413	-0.000119	-0.010471	-0.005463	0.048801	-0.023693	-0.019484	-0.002220	0.564570	0.290806	0.322179	-0.265162	-0.477298	-0.272657	0.099393	0.118540	0.115502
11	4.85461060990746240	0.131845	0.145434	0.015973	0.028562	-0.037698	0.063902	0.100006	-0.075012	0.037981	-0.054748	-0.006221	-0.019357	0.038221	0.112413	-0.000119	-0.010471	-0.005463	0.048801	-0.023693	-0.019484	-0.002220	0.564570	0.290806	0.322179	-0.265162	-0.477298	-0.272657	0.099393	0.118540	0.115502
12	4.85461060990358728	0.131845	0.145434	0.015973	0.028562	-0.037698	0.063902	0.100006	-0.075012	0.037981	-0.054748	-0.006221	-0.019357	0.038221	0.112413	-0.000119	-0.010471	-0.005463	0.048801	-0.023693	-0.019484	-0.002220	0.564570	0.290806	0.322179	-0.265162	-0.477298	-0.272657	0.099393	0.118540	0.115502
13	4.85461060990367521	0.131845	0.145434	0.015973	0.028562	-0.037698	0.063902	0.100006	-0.075012	0.037981	-0.054748	-0.006221	-0.019357	0.038221	0.112413	-0.000119	-0.010471	-0.005463	0.048801	-0.023693	-0.019484	-0.002220	0.564570	0.290806	0.322179	-0.265162	-0.477298	-0.272657	0.099393	0.118540	0.115502
14	4.85461060990363436	0.131845	0.145434	0.015973	0.028562	-0.037698	0.063902	0.100006	-0.075012	0.037981	-0.054748	-0.006221	-0.019357	0.038221	0.112413	-0.000119	-0.010471	-0.005463	0.048801	-0.023693	-0.019484	-0.002220	0.564570	0.290806	0.322179	-0.265162	-0.477298	-0.272657	0.099393	0.118540	0.115502
15	4.85461060990363613	0.131845	0.145434	0.015973	0.028562	-0.037698	0.063902	0.100006	-0.075012	0.037981	-0.054748	-0.006221	-0.019357	0.038221	0.112413	-0.000119	-0.010471	-0.005463	0.048801	-0.023693	-0.019484	-0.002220	0.564570	0.290806	0.322179	-0.265162	-0.477298	-0.272657	0.099393	0.118540	0.115502
16	4.85461060990363524	0.131845	0.145434	0.015973	0.028562	-0.037698	0.063902	0.100006	-0.075012	0.037981	-0.054748	-0.006221	-0.019357	0.038221	0.112413	-0.000119	-0.010471	-0.005463	0.048801	-0.023693	-0.019484	-0.002220	0.564570	0.290806	0.322179	-0.265162	-0.477298	-0.272657	0.099393	0.118540	0.115502
17	4.85461060990363436	0.131845	0.145434	0.015973	0.028562	-0.037698	0.063902	0.100006	-0.075012	0.037981	-0.054748	-0.006221	-0.019357	0.038221	0.112413	-0.000119	-0.010471	-0.005463	0.048801	-0.023693	-0.019484	-0.002220	0.564570	0.290806	0.322179	-0.265162	-0.477298	-0.272657	0.099393	0.118540	0.115502
18	4.85461060990363524	0.131845	0.145434	0.015973	0.028562	-0.037698	0.063902	0.100006	-0.075012	0.037981	-0.054748	-0.006221	-0.019357	0.038221	0.112413	-0.000119	-0.010471	-0.005463	0.048801	-0.023693	-0.019484	-0.002220	0.564570	0.290806	0.322179	-0.265162	-0.477298	-0.272657	0.099393	0.118540	0.115502
19	4.85461060990363524	0.131845	0.145434	0.015973	0.028562	-0.037698	0.063902	0.100006	-0.075012	0.037981	-0.054748	-0.006221	-0.019357	0.038221	0.112413	-0.000119	-0.010471	-0.005463	0.048801	-0.023693	-0.019484	-0.002220	0.564570	0.290806	0.322179	-0.265162	-0.477298	-0.272657	0.099393	0.118540	0.115502
suc

Time : 76950681
Iter : 250000
eValue : 7.31103035439010096
eVec : 0.08462847870889705	0.18484519058823687	0.16900248615563540	-0.23492930374332496	-0.16485672376619212	-0.25406392530739602	0.53086200219727253	0.27163670650212746	0.33268405878377733	-0.03367310718789512	0.06145506106916600	-0.03490185216589310	0.12246340035383114	0.17830784980009406	0.11739766881891518	0.04068810095648189	-0.03926549035150010	0.01282211497158176	-0.17346263027024106	-0.33687374779348556	-0.30073858208491827	0.05485084853163052	0.00712244413450691	0.04635969155044262	0.02378954727280137	0.02270840376201612	0.06615619680703459	0.03853666846072924	0.01368980049056501	0.02215734626600386	
Time : 76950684, eSize : 0
0	26171.49186923172601382	-0.019277	-0.095419	-0.084844	0.289204	0.215734	0.318039	-0.605567	-0.290718	-0.342726	0.043890	-0.028590	0.044782	-0.168723	-0.237488	-0.164083	-0.060100	0.025429	-0.024755	0.003733	0.119915	0.191840	-0.067990	-0.014767	-0.067411	0.018809	0.028324	-0.001986	-0.006444	0.010586	0.000686
1	6.79061408212417916	-0.085671	-0.179139	-0.167272	0.245701	0.174801	0.265061	-0.539704	-0.269849	-0.333957	0.038339	-0.055698	0.038403	-0.128416	-0.185869	-0.122216	-0.046167	0.039363	-0.016756	0.154066	0.319319	0.284516	-0.057660	-0.007993	-0.049864	-0.020875	-0.020260	-0.063416	-0.039715	-0.015046	-0.024524
2	7.30498101050541226	-0.085387	-0.184582	-0.169337	0.236373	0.166186	0.255505	-0.531905	-0.271085	-0.332676	0.034394	-0.060696	0.035494	-0.123143	-0.179221	-0.117926	-0.041347	0.039641	-0.013109	0.170969	0.334756	0.298528	-0.055271	-0.007302	-0.046889	-0.023445	-0.022469	-0.065915	-0.038881	-0.014014	-0.022613
3	7.31092820400760601	-0.084787	-0.184855	-0.169097	0.235119	0.165030	0.254251	-0.531002	-0.271538	-0.332670	0.033777	-0.061352	0.034992	-0.122552	-0.178428	-0.117464	-0.040761	0.039361	-0.012822	0.173122	0.336584	0.300431	-0.054909	-0.007154	-0.046436	-0.023742	-0.022675	-0.066123	-0.038592	-0.013740	-0.022226
4	7.31102836786388810	-0.084656	-0.184851	-0.169020	0.234955	0.164880	0.254089	-0.530882	-0.271621	-0.332681	0.033688	-0.061441	0.034915	-0.122476	-0.178325	-0.117407	-0.040696	0.039284	-0.012818	0.173415	0.336833	0.300695	-0.054859	-0.007127	-0.046371	-0.023783	-0.022703	-0.066151	-0.038545	-0.013697	-0.022167
5	7.31103031310260043	-0.084633	-0.184847	-0.169005	0.234933	0.164860	0.254067	-0.530865	-0.271634	-0.332684	0.033675	-0.061453	0.034904	-0.122465	-0.178310	-0.117399	-0.040689	0.039269	-0.012821	0.173456	0.336868	0.300732	-0.054852	-0.007123	-0.046361	-0.023789	-0.022708	-0.066155	-0.038538	-0.013691	-0.022159
6	7.31103039099205532	-0.084626	-0.184844	-0.169001	0.234927	0.164855	0.254062	-0.530860	-0.271638	-0.332684	0.033672	-0.061456	0.034901	-0.122462	-0.178306	-0.117397	-0.040687	0.039264	-0.012823	0.173467	0.336877	0.300743	-0.054850	-0.007122	-0.046359	-0.023790	-0.022709	-0.066157	-0.038536	-0.013689	-0.022156
7	7.31103035404947832	-0.084628	-0.184845	-0.169002	0.234929	0.164856	0.254064	-0.530862	-0.271637	-0.332684	0.033673	-0.061455	0.034902	-0.122463	-0.178308	-0.117398	-0.040688	0.039265	-0.012822	0.173463	0.336874	0.300739	-0.054851	-0.007122	-0.046360	-0.023790	-0.022708	-0.066156	-0.038537	-0.013690	-0.022157
8	7.31103035469200879	-0.084629	-0.184845	-0.169003	0.234929	0.164857	0.254064	-0.530862	-0.271637	-0.332684	0.033673	-0.061455	0.034902	-0.122463	-0.178308	-0.117398	-0.040688	0.039266	-0.012822	0.173462	0.336873	0.300738	-0.054851	-0.007122	-0.046360	-0.023789	-0.022708	-0.066156	-0.038537	-0.013690	-0.022157
9	7.31103035438726678	-0.084629	-0.184845	-0.169003	0.234929	0.164857	0.254064	-0.530862	-0.271637	-0.332684	0.033673	-0.061455	0.034902	-0.122463	-0.178308	-0.117398	-0.040688	0.039266	-0.012822	0.173463	0.336874	0.300739	-0.054851	-0.007122	-0.046360	-0.023790	-0.022708	-0.066156	-0.038537	-0.013690	-0.022157
10	7.31103035439261006	-0.084628	-0.184845	-0.169002	0.234929	0.164857	0.254064	-0.530862	-0.271637	-0.332684	0.033673	-0.061455	0.034902	-0.122463	-0.178308	-0.117398	-0.040688	0.039265	-0.012822	0.173463	0.336874	0.300739	-0.054851	-0.007122	-0.046360	-0.023790	-0.022708	-0.066156	-0.038537	-0.013690	-0.022157
11	7.31103035439007520	-0.084628	-0.184845	-0.169002	0.234929	0.164857	0.254064	-0.530862	-0.271637	-0.332684	0.033673	-0.061455	0.034902	-0.122463	-0.178308	-0.117398	-0.040688	0.039265	-0.012822	0.173463	0.336874	0.300739	-0.054851	-0.007122	-0.046360	-0.023790	-0.022708	-0.066156	-0.038537	-0.013690	-0.022157
12	7.31103035439012050	-0.084628	-0.184845	-0.169002	0.234929	0.164857	0.254064	-0.530862	-0.271637	-0.332684	0.033673	-0.061455	0.034902	-0.122463	-0.178308	-0.117398	-0.040688	0.039265	-0.012822	0.173463	0.336874	0.300739	-0.054851	-0.007122	-0.046360	-0.023790	-0.022708	-0.066156	-0.038537	-0.013690	-0.022157
13	7.31103035439010007	-0.084628	-0.184845	-0.169002	0.234929	0.164857	0.254064	-0.530862	-0.271637	-0.332684	0.033673	-0.061455	0.034902	-0.122463	-0.178308	-0.117398	-0.040688	0.039265	-0.012822	0.173463	0.336874	0.300739	-0.054851	-0.007122	-0.046360	-0.023790	-0.022708	-0.066156	-0.038537	-0.013690	-0.022157
14	7.31103035439009741	-0.084628	-0.184845	-0.169002	0.234929	0.164857	0.254064	-0.530862	-0.271637	-0.332684	0.033673	-0.061455	0.034902	-0.122463	-0.178308	-0.117398	-0.040688	0.039265	-0.012822	0.173463	0.336874	0.300739	-0.054851	-0.007122	-0.046360	-0.023790	-0.022708	-0.066156	-0.038537	-0.013690	-0.022157
15	7.31103035439010007	-0.084628	-0.184845	-0.169002	0.234929	0.164857	0.254064	-0.530862	-0.271637	-0.332684	0.033673	-0.061455	0.034902	-0.122463	-0.178308	-0.117398	-0.040688	0.039265	-0.012822	0.173463	0.336874	0.300739	-0.054851	-0.007122	-0.046360	-0.023790	-0.022708	-0.066156	-0.038537	-0.013690	-0.022157
16	7.31103035439010007	-0.084628	-0.184845	-0.169002	0.234929	0.164857	0.254064	-0.530862	-0.271637	-0.332684	0.033673	-0.061455	0.034902	-0.122463	-0.178308	-0.117398	-0.040688	0.039265	-0.012822	0.173463	0.336874	0.300739	-0.054851	-0.007122	-0.046360	-0.023790	-0.022708	-0.066156	-0.038537	-0.013690	-0.022157
suc

Time : 76968183
Iter : 250000
eValue : 7.31103035439010096
eVec : 0.08462847870889705	0.18484519058823687	0.16900248615563540	-0.23492930374332496	-0.16485672376619212	-0.25406392530739602	0.53086200219727253	0.27163670650212746	0.33268405878377733	-0.03367310718789512	0.06145506106916600	-0.03490185216589310	0.12246340035383114	0.17830784980009406	0.11739766881891518	0.04068810095648189	-0.03926549035150010	0.01282211497158176	-0.17346263027024106	-0.33687374779348556	-0.30073858208491827	0.05485084853163052	0.00712244413450691	0.04635969155044262	0.02378954727280137	0.02270840376201612	0.06615619680703459	0.03853666846072924	0.01368980049056501	0.02215734626600386	
Time : 76968197, eSize : 0
0	26171.49186923172601382	-0.019277	-0.095419	-0.084844	0.289204	0.215734	0.318039	-0.605567	-0.290718	-0.342726	0.043890	-0.028590	0.044782	-0.168723	-0.237488	-0.164083	-0.060100	0.025429	-0.024755	0.003733	0.119915	0.191840	-0.067990	-0.014767	-0.067411	0.018809	0.028324	-0.001986	-0.006444	0.010586	0.000686
1	6.79061408212417916	-0.085671	-0.179139	-0.167272	0.245701	0.174801	0.265061	-0.539704	-0.269849	-0.333957	0.038339	-0.055698	0.038403	-0.128416	-0.185869	-0.122216	-0.046167	0.039363	-0.016756	0.154066	0.319319	0.284516	-0.057660	-0.007993	-0.049864	-0.020875	-0.020260	-0.063416	-0.039715	-0.015046	-0.024524
2	7.30498101050541226	-0.085387	-0.184582	-0.169337	0.236373	0.166186	0.255505	-0.531905	-0.271085	-0.332676	0.034394	-0.060696	0.035494	-0.123143	-0.179221	-0.117926	-0.041347	0.039641	-0.013109	0.170969	0.334756	0.298528	-0.055271	-0.007302	-0.046889	-0.023445	-0.022469	-0.065915	-0.038881	-0.014014	-0.022613
3	7.31092820400760601	-0.084787	-0.184855	-0.169097	0.235119	0.165030	0.254251	-0.531002	-0.271538	-0.332670	0.033777	-0.061352	0.034992	-0.122552	-0.178428	-0.117464	-0.040761	0.039361	-0.012822	0.173122	0.336584	0.300431	-0.054909	-0.007154	-0.046436	-0.023742	-0.022675	-0.066123	-0.038592	-0.013740	-0.022226
4	7.31102836786388810	-0.084656	-0.184851	-0.169020	0.234955	0.164880	0.254089	-0.530882	-0.271621	-0.332681	0.033688	-0.061441	0.034915	-0.122476	-0.178325	-0.117407	-0.040696	0.039284	-0.012818	0.173415	0.336833	0.300695	-0.054859	-0.007127	-0.046371	-0.023783	-0.022703	-0.066151	-0.038545	-0.013697	-0.022167
5	7.31103031310260043	-0.084633	-0.184847	-0.169005	0.234933	0.164860	0.254067	-0.530865	-0.271634	-0.332684	0.033675	-0.061453	0.034904	-0.122465	-0.178310	-0.117399	-0.040689	0.039269	-0.012821	0.173456	0.336868	0.300732	-0.054852	-0.007123	-0.046361	-0.023789	-0.022708	-0.066155	-0.038538	-0.013691	-0.022159
6	7.31103039099205532	-0.084626	-0.184844	-0.169001	0.234927	0.164855	0.254062	-0.530860	-0.271638	-0.332684	0.033672	-0.061456	0.034901	-0.122462	-0.178306	-0.117397	-0.040687	0.039264	-0.012823	0.173467	0.336877	0.300743	-0.054850	-0.007122	-0.046359	-0.023790	-0.022709	-0.066157	-0.038536	-0.013689	-0.022156
7	7.31103035404947832	-0.084628	-0.184845	-0.169002	0.234929	0.164856	0.254064	-0.530862	-0.271637	-0.332684	0.033673	-0.061455	0.034902	-0.122463	-0.178308	-0.117398	-0.040688	0.039265	-0.012822	0.173463	0.336874	0.300739	-0.054851	-0.007122	-0.046360	-0.023790	-0.022708	-0.066156	-0.038537	-0.013690	-0.022157
8	7.31103035469200879	-0.084629	-0.184845	-0.169003	0.234929	0.164857	0.254064	-0.530862	-0.271637	-0.332684	0.033673	-0.061455	0.034902	-0.122463	-0.178308	-0.117398	-0.040688	0.039266	-0.012822	0.173462	0.336873	0.300738	-0.054851	-0.007122	-0.046360	-0.023789	-0.022708	-0.066156	-0.038537	-0.013690	-0.022157
9	7.31103035438726678	-0.084629	-0.184845	-0.169003	0.234929	0.164857	0.254064	-0.530862	-0.271637	-0.332684	0.033673	-0.061455	0.034902	-0.122463	-0.178308	-0.117398	-0.040688	0.039266	-0.012822	0.173463	0.336874	0.300739	-0.054851	-0.007122	-0.046360	-0.023790	-0.022708	-0.066156	-0.038537	-0.013690	-0.022157
10	7.31103035439261006	-0.084628	-0.184845	-0.169002	0.234929	0.164857	0.254064	-0.530862	-0.271637	-0.332684	0.033673	-0.061455	0.034902	-0.122463	-0.178308	-0.117398	-0.040688	0.039265	-0.012822	0.173463	0.336874	0.300739	-0.054851	-0.007122	-0.046360	-0.023790	-0.022708	-0.066156	-0.038537	-0.013690	-0.022157
11	7.31103035439007520	-0.084628	-0.184845	-0.169002	0.234929	0.164857	0.254064	-0.530862	-0.271637	-0.332684	0.033673	-0.061455	0.034902	-0.122463	-0.178308	-0.117398	-0.040688	0.039265	-0.012822	0.173463	0.336874	0.300739	-0.054851	-0.007122	-0.046360	-0.023790	-0.022708	-0.066156	-0.038537	-0.013690	-0.022157
12	7.31103035439012050	-0.084628	-0.184845	-0.169002	0.234929	0.164857	0.254064	-0.530862	-0.271637	-0.332684	0.033673	-0.061455	0.034902	-0.122463	-0.178308	-0.117398	-0.040688	0.039265	-0.012822	0.173463	0.336874	0.300739	-0.054851	-0.007122	-0.046360	-0.023790	-0.022708	-0.066156	-0.038537	-0.013690	-0.022157
13	7.31103035439010007	-0.084628	-0.184845	-0.169002	0.234929	0.164857	0.254064	-0.530862	-0.271637	-0.332684	0.033673	-0.061455	0.034902	-0.122463	-0.178308	-0.117398	-0.040688	0.039265	-0.012822	0.173463	0.336874	0.300739	-0.054851	-0.007122	-0.046360	-0.023790	-0.022708	-0.066156	-0.038537	-0.013690	-0.022157
14	7.31103035439009741	-0.084628	-0.184845	-0.169002	0.234929	0.164857	0.254064	-0.530862	-0.271637	-0.332684	0.033673	-0.061455	0.034902	-0.122463	-0.178308	-0.117398	-0.040688	0.039265	-0.012822	0.173463	0.336874	0.300739	-0.054851	-0.007122	-0.046360	-0.023790	-0.022708	-0.066156	-0.038537	-0.013690	-0.022157
15	7.31103035439010007	-0.084628	-0.184845	-0.169002	0.234929	0.164857	0.254064	-0.530862	-0.271637	-0.332684	0.033673	-0.061455	0.034902	-0.122463	-0.178308	-0.117398	-0.040688	0.039265	-0.012822	0.173463	0.336874	0.300739	-0.054851	-0.007122	-0.046360	-0.023790	-0.022708	-0.066156	-0.038537	-0.013690	-0.022157
16	7.31103035439010007	-0.084628	-0.184845	-0.169002	0.234929	0.164857	0.254064	-0.530862	-0.271637	-0.332684	0.033673	-0.061455	0.034902	-0.122463	-0.178308	-0.117398	-0.040688	0.039265	-0.012822	0.173463	0.336874	0.300739	-0.054851	-0.007122	-0.046360	-0.023790	-0.022708	-0.066156	-0.038537	-0.013690	-0.022157
suc

Time : 177692543
Iter : 250000
eValue : 4.76416786129518144
eVec : -0.01142914093054399	-0.00803038096960103	-0.00455175613081331	0.07472804608905791	-0.49454699527216450	-0.24259332479989207	-0.25043369417988898	-0.28410829812401689	0.42160822153311106	0.31296828142975225	0.30403612526930435	0.32839201579268079	0.02683733958683011	0.02900180693243283	0.03259849518996945	0.07712500129409446	0.01399660299181777	-0.02755862413331357	-0.06944679355899903	-0.00853740640849589	-0.06238502841996126	-0.09590398533288343	-0.06400134123872640	-0.11044193888064679	0.00831192843748900	-0.00679652318382610	0.00398213468828853	0.12131214226957453	-0.03070140724081169	-0.04701795915805031	-0.05641739941208059	-0.03943635595916733	0.04698846361138712	-0.01405726552465983	0.02726453432782594	-0.00647634866918494	-0.00282391740151548	-0.03192832716251524	0.02318271959374629	-0.00733862939082648	
Time : 177692546, eSize : 0
0	40699.34510759824479464	0.058536	0.050276	0.009249	0.047697	-0.314066	-0.150187	-0.184452	-0.177128	0.353428	0.309517	0.264836	0.255766	0.028972	0.033253	0.032108	0.066160	0.071626	0.064295	0.064848	0.046352	-0.029209	-0.048683	-0.032649	-0.024678	-0.344991	-0.288765	-0.311226	-0.288600	-0.008633	-0.009325	-0.018582	-0.024656	0.033415	0.040498	0.056456	0.048059	-0.069479	-0.088604	-0.060787	-0.112522
1	3.73027876331844466	0.012020	0.028640	0.009392	0.061048	-0.391100	-0.175961	-0.204232	-0.222969	0.433167	0.361151	0.343280	0.336509	-0.022056	-0.014426	-0.019921	0.012136	0.087169	0.061936	0.042477	0.060182	-0.055380	-0.089991	-0.069128	-0.089020	-0.212794	-0.169090	-0.187344	-0.114769	0.008206	-0.001946	-0.007969	-0.005742	0.004788	-0.013291	0.010829	-0.005637	-0.032059	-0.050542	-0.012172	-0.048707
2	4.37843087759223426	-0.000549	0.014513	0.001601	0.066660	-0.441471	-0.205613	-0.226743	-0.252567	0.444914	0.355477	0.341911	0.346787	-0.009757	-0.004347	-0.006528	0.030851	0.063625	0.031339	0.002282	0.037910	-0.060599	-0.096858	-0.070483	-0.103086	-0.128057	-0.104887	-0.109788	-0.019829	-0.005194	-0.018385	-0.025621	-0.017310	0.017643	-0.016957	0.014209	-0.009038	-0.020461	-0.042849	0.002917	-0.030796
3	4.61402347519369638	-0.005483	0.005366	-0.001319	0.070464	-0.468055	-0.222932	-0.238869	-0.268264	0.441002	0.342553	0.330853	0.343706	0.004371	0.008459	0.008622	0.049308	0.044362	0.007954	-0.026687	0.019700	-0.062040	-0.097735	-0.068707	-0.107532	-0.073412	-0.065473	-0.063669	0.038159	-0.015519	-0.030164	-0.038349	-0.026378	0.029419	-0.016256	0.019367	-0.008379	-0.013438	-0.038731	0.011344	-0.021287
4	4.71012760004718878	-0.008022	-0.000165	-0.002716	0.072486	-0.480941	-0.231975	-0.244629	-0.275924	0.434884	0.331793	0.321203	0.338861	0.013597	0.016899	0.018484	0.060923	0.032022	-0.006660	-0.044442	0.008142	-0.062432	-0.097394	-0.067045	-0.109201	-0.039891	-0.041431	-0.035869	0.072753	-0.021844	-0.037244	-0.045963	-0.031869	0.036759	-0.015446	0.022675	-0.007658	-0.009102	-0.036066	0.016296	-0.015580
5	4.78532939095052257	-0.010707	-0.006320	-0.004167	0.074305	-0.492067	-0.240512	-0.249414	-0.282603	0.424959	0.317419	0.308118	0.331030	0.023947	0.026361	0.029522	0.073635	0.017964	-0.023003	-0.064034	-0.004886	-0.062455	-0.096327	-0.064730	-0.110284	-0.002229	-0.014378	-0.004723	0.110812	-0.028789	-0.044922	-0.054182	-0.037816	0.044786	-0.014383	0.026279	-0.006748	-0.004201	-0.032864	0.021700	-0.009145
6	4.76326774559536403	-0.011004	-0.007030	-0.004323	0.074489	-0.493135	-0.241396	-0.249857	-0.283250	0.423592	0.315588	0.306439	0.329953	0.025157	0.027468	0.030810	0.075098	0.016314	-0.024901	-0.066292	-0.006407	-0.062431	-0.096158	-0.064432	-0.110357	0.002151	-0.011231	-0.001111	0.115182	-0.029588	-0.045798	-0.055116	-0.038493	0.045708	-0.014246	0.026693	-0.006633	-0.003629	-0.032478	0.022317	-0.008397
7	4.76386065448492424	-0.011180	-0.007446	-0.004418	0.074591	-0.493734	-0.241900	-0.250103	-0.283614	0.422776	0.314506	0.305446	0.329312	0.025857	0.028107	0.031555	0.075944	0.015350	-0.026007	-0.067606	-0.007293	-0.062414	-0.096055	-0.064255	-0.110395	0.004713	-0.009387	0.001006	0.117733	-0.030052	-0.046306	-0.055659	-0.038887	0.046242	-0.014168	0.026932	-0.006568	-0.003294	-0.032251	0.022678	-0.007957
8	4.76429222924334361	-0.011377	-0.007908	-0.004524	0.074700	-0.494379	-0.242449	-0.250366	-0.284006	0.421856	0.313293	0.304334	0.328587	0.026632	0.028814	0.032380	0.076878	0.014281	-0.027233	-0.069061	-0.008276	-0.062392	-0.095936	-0.064055	-0.110433	0.007557	-0.007340	0.003357	0.120562	-0.030565	-0.046869	-0.056259	-0.039321	0.046832	-0.014080	0.027195	-0.006496	-0.002923	-0.031996	0.023077	-0.007469
9	4.76404923035183092	-0.011418	-0.008005	-0.004546	0.074722	-0.494512	-0.242563	-0.250419	-0.284087	0.421660	0.313036	0.304099	0.328433	0.026794	0.028962	0.032553	0.077073	0.014056	-0.027490	-0.069366	-0.008483	-0.062386	-0.095911	-0.064013	-0.110440	0.008153	-0.006911	0.003851	0.121155	-0.030673	-0.046987	-0.056384	-0.039412	0.046956	-0.014062	0.027250	-0.006480	-0.002845	-0.031943	0.023161	-0.007366
10	4.76416765806079212	-0.011423	-0.008015	-0.004548	0.074725	-0.494527	-0.242576	-0.250425	-0.284096	0.421639	0.313008	0.304073	0.328416	0.026812	0.028979	0.032572	0.077095	0.014031	-0.027519	-0.069399	-0.008505	-0.062386	-0.095908	-0.064008	-0.110441	0.008219	-0.006863	0.003906	0.121220	-0.030685	-0.047000	-0.056398	-0.039422	0.046969	-0.014060	0.027256	-0.006479	-0.002836	-0.031937	0.023170	-0.007355
11	4.76416794358670437	-0.011428	-0.008027	-0.004551	0.074727	-0.494543	-0.242590	-0.250432	-0.284106	0.421615	0.312977	0.304044	0.328397	0.026832	0.028997	0.032593	0.077119	0.014004	-0.027550	-0.069437	-0.008531	-0.062385	-0.095905	-0.064003	-0.110442	0.008293	-0.006811	0.003966	0.121293	-0.030698	-0.047014	-0.056413	-0.039433	0.046984	-0.014058	0.027263	-0.006477	-0.002826	-0.031930	0.023180	-0.007342
12	4.76416778280310815	-0.011429	-0.008030	-0.004552	0.074728	-0.494546	-0.242593	-0.250433	-0.284108	0.421610	0.312970	0.304038	0.328393	0.026836	0.029001	0.032597	0.077124	0.013998	-0.027557	-0.069445	-0.008536	-0.062385	-0.095904	-0.064002	-0.110442	0.008308	-0.006799	0.003979	0.121308	-0.030701	-0.047017	-0.056417	-0.039436	0.046988	-0.014057	0.027264	-0.006476	-0.002824	-0.031929	0.023182	-0.007339
13	4.76416793174302988	-0.011429	-0.008030	-0.004552	0.074728	-0.494547	-0.242593	-0.250434	-0.284108	0.421609	0.312969	0.304036	0.328392	0.026837	0.029002	0.032598	0.077125	0.013997	-0.027558	-0.069446	-0.008537	-0.062385	-0.095904	-0.064001	-0.110442	0.008311	-0.006797	0.003981	0.121311	-0.030701	-0.047018	-0.056417	-0.039436	0.046988	-0.014057	0.027264	-0.006476	-0.002824	-0.031928	0.023183	-0.007339
14	4.76416779788353040	-0.011429	-0.008030	-0.004552	0.074728	-0.494547	-0.242593	-0.250434	-0.284108	0.421608	0.312968	0.304036	0.328392	0.026837	0.029002	0.032598	0.077125	0.013997	-0.027559	-0.069447	-0.008537	-0.062385	-0.095904	-0.064001	-0.110442	0.008312	-0.006797	0.003982	0.121312	-0.030701	-0.047018	-0.056417	-0.039436	0.046988	-0.014057	0.027265	-0.006476	-0.002824	-0.031928	0.023183	-0.007339
15	4.76416786129491854	-0.011429	-0.008030	-0.004552	0.074728	-0.494547	-0.242593	-0.250434	-0.284108	0.421608	0.312968	0.304036	0.328392	0.026837	0.029002	0.032598	0.077125	0.013997	-0.027559	-0.069447	-0.008537	-0.062385	-0.095904	-0.064001	-0.110442	0.008312	-0.006797	0.003982	0.121312	-0.030701	-0.047018	-0.056417	-0.039436	0.046988	-0.014057	0.027265	-0.006476	-0.002824	-0.031928	0.023183	-0.007339
16	4.76416786129509084	-0.011429	-0.008030	-0.004552	0.074728	-0.494547	-0.242593	-0.250434	-0.284108	0.421608	0.312968	0.304036	0.328392	0.026837	0.029002	0.032598	0.077125	0.013997	-0.027559	-0.069447	-0.008537	-0.062385	-0.095904	-0.064001	-0.110442	0.008312	-0.006797	0.003982	0.121312	-0.030701	-0.047018	-0.056417	-0.039436	0.046988	-0.014057	0.027265	-0.006476	-0.002824	-0.031928	0.023183	-0.007339
17	4.76416786129521697	-0.011429	-0.008030	-0.004552	0.074728	-0.494547	-0.242593	-0.250434	-0.284108	0.421608	0.312968	0.304036	0.328392	0.026837	0.029002	0.032598	0.077125	0.013997	-0.027559	-0.069447	-0.008537	-0.062385	-0.095904	-0.064001	-0.110442	0.008312	-0.006797	0.003982	0.121312	-0.030701	-0.047018	-0.056417	-0.039436	0.046988	-0.014057	0.027265	-0.006476	-0.002824	-0.031928	0.023183	-0.007339
18	4.76416786129514414	-0.011429	-0.008030	-0.004552	0.074728	-0.494547	-0.242593	-0.250434	-0.284108	0.421608	0.312968	0.304036	0.328392	0.026837	0.029002	0.032598	0.077125	0.013997	-0.027559	-0.069447	-0.008537	-0.062385	-0.095904	-0.064001	-0.110442	0.008312	-0.006797	0.003982	0.121312	-0.030701	-0.047018	-0.056417	-0.039436	0.046988	-0.014057	0.027265	-0.006476	-0.002824	-0.031928	0.023183	-0.007339
19	4.76416786129521430	-0.011429	-0.008030	-0.004552	0.074728	-0.494547	-0.242593	-0.250434	-0.284108	0.421608	0.312968	0.304036	0.328392	0.026837	0.029002	0.032598	0.077125	0.013997	-0.027559	-0.069447	-0.008537	-0.062385	-0.095904	-0.064001	-0.110442	0.008312	-0.006797	0.003982	0.121312	-0.030701	-0.047018	-0.056417	-0.039436	0.046988	-0.014057	0.027265	-0.006476	-0.002824	-0.031928	0.023183	-0.007339
20	4.76416786129517877	-0.011429	-0.008030	-0.004552	0.074728	-0.494547	-0.242593	-0.250434	-0.284108	0.421608	0.312968	0.304036	0.328392	0.026837	0.029002	0.032598	0.077125	0.013997	-0.027559	-0.069447	-0.008537	-0.062385	-0.095904	-0.064001	-0.110442	0.008312	-0.006797	0.003982	0.121312	-0.030701	-0.047018	-0.056417	-0.039436	0.046988	-0.014057	0.027265	-0.006476	-0.002824	-0.031928	0.023183	-0.007339
21	4.76416786129517966	-0.011429	-0.008030	-0.004552	0.074728	-0.494547	-0.242593	-0.250434	-0.284108	0.421608	0.312968	0.304036	0.328392	0.026837	0.029002	0.032598	0.077125	0.013997	-0.027559	-0.069447	-0.008537	-0.062385	-0.095904	-0.064001	-0.110442	0.008312	-0.006797	0.003982	0.121312	-0.030701	-0.047018	-0.056417	-0.039436	0.046988	-0.014057	0.027265	-0.006476	-0.002824	-0.031928	0.023183	-0.007339
22	4.76416786129518233	-0.011429	-0.008030	-0.004552	0.074728	-0.494547	-0.242593	-0.250434	-0.284108	0.421608	0.312968	0.304036	0.328392	0.026837	0.029002	0.032598	0.077125	0.013997	-0.027559	-0.069447	-0.008537	-0.062385	-0.095904	-0.064001	-0.110442	0.008312	-0.006797	0.003982	0.121312	-0.030701	-0.047018	-0.056417	-0.039436	0.046988	-0.014057	0.027265	-0.006476	-0.002824	-0.031928	0.023183	-0.007339
23	4.76416786129517877	-0.011429	-0.008030	-0.004552	0.074728	-0.494547	-0.242593	-0.250434	-0.284108	0.421608	0.312968	0.304036	0.328392	0.026837	0.029002	0.032598	0.077125	0.013997	-0.027559	-0.069447	-0.008537	-0.062385	-0.095904	-0.064001	-0.110442	0.008312	-0.006797	0.003982	0.121312	-0.030701	-0.047018	-0.056417	-0.039436	0.046988	-0.014057	0.027265	-0.006476	-0.002824	-0.031928	0.023183	-0.007339
24	4.76416786129517877	-0.011429	-0.008030	-0.004552	0.074728	-0.494547	-0.242593	-0.250434	-0.284108	0.421608	0.312968	0.304036	0.328392	0.026837	0.029002	0.032598	0.077125	0.013997	-0.027559	-0.069447	-0.008537	-0.062385	-0.095904	-0.064001	-0.110442	0.008312	-0.006797	0.003982	0.121312	-0.030701	-0.047018	-0.056417	-0.039436	0.046988	-0.014057	0.027265	-0.006476	-0.002824	-0.031928	0.023183	-0.007339
suc

Time : 177693727
Iter : 250000
eValue : 6.03521634341857283
eVec : -0.04270331251153832	-0.06156111094985890	-0.03171117398068024	0.05631739770152184	-0.48538094066203175	-0.25285302998375575	-0.23774574826828188	-0.27614908096417801	0.34537406027359707	0.24400280479100747	0.23007967121192843	0.26691808802227546	0.07047812010217550	0.06885380324249560	0.08905041796322605	0.12465344991957655	-0.05484856022192032	-0.10387486707947795	-0.14806997758294049	-0.06826733673380325	-0.04023797066020050	-0.06567518962274456	-0.03457558706932768	-0.08789765107952076	0.18001358244430946	0.09460083341649735	0.11638475099275415	0.28189056611891539	-0.05546202247024716	-0.07830775157559475	-0.08244705724669393	-0.05767897680429065	0.08426977114054944	0.00962389076046259	0.04860948591862035	0.00032565365100182	0.01966702901058652	-0.01438099032860853	0.04606269554150569	0.02270762427521716	
Time : 177693731, eSize : 0
0	33702.27973508932336699	0.006700	0.041872	0.010710	-0.089260	0.417196	0.219668	0.200034	0.230363	-0.221690	-0.118224	-0.120038	-0.154490	-0.102548	-0.092926	-0.121199	-0.165420	0.129902	0.182198	0.234087	0.129143	0.016265	0.058023	0.014835	0.080457	-0.265443	-0.192593	-0.200770	-0.390738	0.099719	0.116225	0.129057	0.099942	-0.121194	-0.038559	-0.074701	-0.026135	-0.032657	-0.001181	-0.062331	-0.047268
1	5.61732957579917702	0.039288	0.060349	0.030079	-0.058941	0.477990	0.252211	0.232540	0.271943	-0.320245	-0.220242	-0.208192	-0.245166	-0.077087	-0.075603	-0.095931	-0.131527	0.069692	0.119098	0.165112	0.081557	0.036422	0.060075	0.029106	0.083334	-0.205913	-0.117988	-0.141613	-0.314706	0.059790	0.082507	0.086867	0.061087	-0.090274	-0.009283	-0.050279	-0.000143	-0.024550	0.009093	-0.050742	-0.029454
2	6.01614541518053958	0.042346	0.061547	0.031590	-0.056648	0.484000	0.252855	0.236714	0.275426	-0.340228	-0.239076	-0.225585	-0.262489	-0.071803	-0.070269	-0.090453	-0.125989	0.057920	0.107026	0.151622	0.071065	0.039341	0.064368	0.033338	0.086855	-0.185903	-0.099864	-0.122136	-0.289392	0.056202	0.079062	0.083218	0.058225	-0.085343	-0.009259	-0.048724	-0.000020	-0.020841	0.013184	-0.047133	-0.024243
3	6.03432960372299210	0.042651	0.061573	0.031701	-0.056376	0.485085	0.252855	0.237524	0.275997	-0.344280	-0.242953	-0.229126	-0.265979	-0.070753	-0.069151	-0.089342	-0.124929	0.055500	0.104544	0.148826	0.068862	0.040043	0.065395	0.034310	0.087677	-0.181306	-0.095755	-0.117649	-0.283534	0.055614	0.078464	0.082606	0.057790	-0.084488	-0.009531	-0.048621	-0.000246	-0.019927	0.014118	-0.046299	-0.023046
4	6.03598142907144020	0.042732	0.061557	0.031718	-0.056287	0.485521	0.252850	0.237852	0.276221	-0.345909	-0.244517	-0.230547	-0.267378	-0.070341	-0.068706	-0.088905	-0.124516	0.054527	0.103544	0.147697	0.067974	0.040334	0.065814	0.034707	0.088007	-0.179383	-0.094038	-0.115769	-0.281087	0.055386	0.078230	0.082368	0.057624	-0.084161	-0.009668	-0.048602	-0.000363	-0.019540	0.014509	-0.045948	-0.022543
5	6.03520643878551954	0.042708	0.061560	0.031712	-0.056311	0.485412	0.252853	0.237769	0.276165	-0.345489	-0.244113	-0.230180	-0.267017	-0.070449	-0.068823	-0.089020	-0.124625	0.054780	0.103804	0.147990	0.068205	0.040259	0.065705	0.034604	0.087921	-0.179876	-0.094478	-0.116250	-0.281716	0.055446	0.078291	0.082430	0.057667	-0.084247	-0.009634	-0.048609	-0.000334	-0.019639	0.014409	-0.046038	-0.022672
6	6.03522488920583733	0.042701	0.061562	0.031711	-0.056320	0.485366	0.252853	0.237734	0.276141	-0.345318	-0.243949	-0.230030	-0.266870	-0.070492	-0.068869	-0.089066	-0.124668	0.054882	0.103910	0.148109	0.068298	0.040228	0.065661	0.034562	0.087886	-0.180081	-0.094661	-0.116450	-0.281976	0.055470	0.078316	0.082455	0.057685	-0.084281	-0.009619	-0.048610	-0.000321	-0.019681	0.014367	-0.046075	-0.022725
7	6.03521623267435636	0.042703	0.061561	0.031711	-0.056318	0.485378	0.252853	0.237743	0.276147	-0.345362	-0.243991	-0.230069	-0.266908	-0.070481	-0.068857	-0.089054	-0.124656	0.054856	0.103882	0.148078	0.068274	0.040236	0.065672	0.034573	0.087895	-0.180028	-0.094614	-0.116399	-0.281909	0.055464	0.078309	0.082449	0.057680	-0.084272	-0.009623	-0.048610	-0.000325	-0.019670	0.014378	-0.046065	-0.022711
8	6.03521643896865712	0.042704	0.061561	0.031711	-0.056317	0.485383	0.252853	0.237747	0.276150	-0.345380	-0.244009	-0.230085	-0.266923	-0.070477	-0.068852	-0.089049	-0.124652	0.054845	0.103871	0.148066	0.068264	0.040239	0.065677	0.034577	0.087899	-0.180006	-0.094594	-0.116378	-0.281882	0.055461	0.078307	0.082446	0.057678	-0.084269	-0.009624	-0.048609	-0.000326	-0.019666	0.014382	-0.046061	-0.022706
9	6.03521634218016345	0.042703	0.061561	0.031711	-0.056317	0.485381	0.252853	0.237746	0.276149	-0.345375	-0.244004	-0.230081	-0.266919	-0.070478	-0.068853	-0.089050	-0.124653	0.054848	0.103874	0.148069	0.068267	0.040238	0.065676	0.034576	0.087898	-0.180012	-0.094599	-0.116383	-0.281889	0.055462	0.078308	0.082447	0.057679	-0.084270	-0.009624	-0.048609	-0.000326	-0.019667	0.014381	-0.046062	-0.022707
10	6.03521634448707101	0.042703	0.061561	0.031711	-0.056317	0.485381	0.252853	0.237746	0.276149	-0.345373	-0.244002	-0.230079	-0.266918	-0.070478	-0.068854	-0.089051	-0.124654	0.054849	0.103875	0.148070	0.068268	0.040238	0.065675	0.034575	0.087898	-0.180014	-0.094602	-0.116385	-0.281892	0.055462	0.078308	0.082447	0.057679	-0.084270	-0.009624	-0.048609	-0.000326	-0.019667	0.014381	-0.046063	-0.022708
11	6.03521634340472435	0.042703	0.061561	0.031711	-0.056317	0.485381	0.252853	0.237746	0.276149	-0.345374	-0.244003	-0.230080	-0.266918	-0.070478	-0.068854	-0.089050	-0.124653	0.054849	0.103875	0.148070	0.068267	0.040238	0.065675	0.034576	0.087898	-0.180014	-0.094601	-0.116385	-0.281891	0.055462	0.078308	0.082447	0.057679	-0.084270	-0.009624	-0.048609	-0.000326	-0.019667	0.014381	-0.046063	-0.022708
12	6.03521634343052149	0.042703	0.061561	0.031711	-0.056317	0.485381	0.252853	0.237746	0.276149	-0.345374	-0.244003	-0.230080	-0.266918	-0.070478	-0.068854	-0.089050	-0.124653	0.054849	0.103875	0.148070	0.068267	0.040238	0.065675	0.034576	0.087898	-0.180014	-0.094601	-0.116385	-0.281890	0.055462	0.078308	0.082447	0.057679	-0.084270	-0.009624	-0.048609	-0.000326	-0.019667	0.014381	-0.046063	-0.022708
13	6.03521634341842184	0.042703	0.061561	0.031711	-0.056317	0.485381	0.252853	0.237746	0.276149	-0.345374	-0.244003	-0.230080	-0.266918	-0.070478	-0.068854	-0.089050	-0.124653	0.054849	0.103875	0.148070	0.068267	0.040238	0.065675	0.034576	0.087898	-0.180014	-0.094601	-0.116385	-0.281891	0.055462	0.078308	0.082447	0.057679	-0.084270	-0.009624	-0.048609	-0.000326	-0.019667	0.014381	-0.046063	-0.022708
14	6.03521634341870250	0.042703	0.061561	0.031711	-0.056317	0.485381	0.252853	0.237746	0.276149	-0.345374	-0.244003	-0.230080	-0.266918	-0.070478	-0.068854	-0.089050	-0.124653	0.054849	0.103875	0.148070	0.068267	0.040238	0.065675	0.034576	0.087898	-0.180014	-0.094601	-0.116385	-0.281891	0.055462	0.078308	0.082447	0.057679	-0.084270	-0.009624	-0.048609	-0.000326	-0.019667	0.014381	-0.046063	-0.022708
15	6.03521634341857194	0.042703	0.061561	0.031711	-0.056317	0.485381	0.252853	0.237746	0.276149	-0.345374	-0.244003	-0.230080	-0.266918	-0.070478	-0.068854	-0.089050	-0.124653	0.054849	0.103875	0.148070	0.068267	0.040238	0.065675	0.034576	0.087898	-0.180014	-0.094601	-0.116385	-0.281891	0.055462	0.078308	0.082447	0.057679	-0.084270	-0.009624	-0.048609	-0.000326	-0.019667	0.014381	-0.046063	-0.022708
16	6.03521634341857460	0.042703	0.061561	0.031711	-0.056317	0.485381	0.252853	0.237746	0.276149	-0.345374	-0.244003	-0.230080	-0.266918	-0.070478	-0.068854	-0.089050	-0.124653	0.054849	0.103875	0.148070	0.068267	0.040238	0.065675	0.034576	0.087898	-0.180014	-0.094601	-0.116385	-0.281891	0.055462	0.078308	0.082447	0.057679	-0.084270	-0.009624	-0.048609	-0.000326	-0.019667	0.014381	-0.046063	-0.022708
17	6.03521634341857460	0.042703	0.061561	0.031711	-0.056317	0.485381	0.252853	0.237746	0.276149	-0.345374	-0.244003	-0.230080	-0.266918	-0.070478	-0.068854	-0.089050	-0.124653	0.054849	0.103875	0.148070	0.068267	0.040238	0.065675	0.034576	0.087898	-0.180014	-0.094601	-0.116385	-0.281891	0.055462	0.078308	0.082447	0.057679	-0.084270	-0.009624	-0.048609	-0.000326	-0.019667	0.014381	-0.046063	-0.022708
suc

Time : 177723252
Iter : 250000
eValue : 4.76416786129518144
eVec : -0.01142914093054399	-0.00803038096960103	-0.00455175613081331	0.07472804608905791	-0.49454699527216450	-0.24259332479989207	-0.25043369417988898	-0.28410829812401689	0.42160822153311106	0.31296828142975225	0.30403612526930435	0.32839201579268079	0.02683733958683011	0.02900180693243283	0.03259849518996945	0.07712500129409446	0.01399660299181777	-0.02755862413331357	-0.06944679355899903	-0.00853740640849589	-0.06238502841996126	-0.09590398533288343	-0.06400134123872640	-0.11044193888064679	0.00831192843748900	-0.00679652318382610	0.00398213468828853	0.12131214226957453	-0.03070140724081169	-0.04701795915805031	-0.05641739941208059	-0.03943635595916733	0.04698846361138712	-0.01405726552465983	0.02726453432782594	-0.00647634866918494	-0.00282391740151548	-0.03192832716251524	0.02318271959374629	-0.00733862939082648	
Time : 177723255, eSize : 0
0	40699.34510759824479464	0.058536	0.050276	0.009249	0.047697	-0.314066	-0.150187	-0.184452	-0.177128	0.353428	0.309517	0.264836	0.255766	0.028972	0.033253	0.032108	0.066160	0.071626	0.064295	0.064848	0.046352	-0.029209	-0.048683	-0.032649	-0.024678	-0.344991	-0.288765	-0.311226	-0.288600	-0.008633	-0.009325	-0.018582	-0.024656	0.033415	0.040498	0.056456	0.048059	-0.069479	-0.088604	-0.060787	-0.112522
1	3.73027876331844466	0.012020	0.028640	0.009392	0.061048	-0.391100	-0.175961	-0.204232	-0.222969	0.433167	0.361151	0.343280	0.336509	-0.022056	-0.014426	-0.019921	0.012136	0.087169	0.061936	0.042477	0.060182	-0.055380	-0.089991	-0.069128	-0.089020	-0.212794	-0.169090	-0.187344	-0.114769	0.008206	-0.001946	-0.007969	-0.005742	0.004788	-0.013291	0.010829	-0.005637	-0.032059	-0.050542	-0.012172	-0.048707
2	4.37843087759223426	-0.000549	0.014513	0.001601	0.066660	-0.441471	-0.205613	-0.226743	-0.252567	0.444914	0.355477	0.341911	0.346787	-0.009757	-0.004347	-0.006528	0.030851	0.063625	0.031339	0.002282	0.037910	-0.060599	-0.096858	-0.070483	-0.103086	-0.128057	-0.104887	-0.109788	-0.019829	-0.005194	-0.018385	-0.025621	-0.017310	0.017643	-0.016957	0.014209	-0.009038	-0.020461	-0.042849	0.002917	-0.030796
3	4.61402347519369638	-0.005483	0.005366	-0.001319	0.070464	-0.468055	-0.222932	-0.238869	-0.268264	0.441002	0.342553	0.330853	0.343706	0.004371	0.008459	0.008622	0.049308	0.044362	0.007954	-0.026687	0.019700	-0.062040	-0.097735	-0.068707	-0.107532	-0.073412	-0.065473	-0.063669	0.038159	-0.015519	-0.030164	-0.038349	-0.026378	0.029419	-0.016256	0.019367	-0.008379	-0.013438	-0.038731	0.011344	-0.021287
4	4.71012760004718878	-0.008022	-0.000165	-0.002716	0.072486	-0.480941	-0.231975	-0.244629	-0.275924	0.434884	0.331793	0.321203	0.338861	0.013597	0.016899	0.018484	0.060923	0.032022	-0.006660	-0.044442	0.008142	-0.062432	-0.097394	-0.067045	-0.109201	-0.039891	-0.041431	-0.035869	0.072753	-0.021844	-0.037244	-0.045963	-0.031869	0.036759	-0.015446	0.022675	-0.007658	-0.009102	-0.036066	0.016296	-0.015580
5	4.78532939095052257	-0.010707	-0.006320	-0.004167	0.074305	-0.492067	-0.240512	-0.249414	-0.282603	0.424959	0.317419	0.308118	0.331030	0.023947	0.026361	0.029522	0.073635	0.017964	-0.023003	-0.064034	-0.004886	-0.062455	-0.096327	-0.064730	-0.110284	-0.002229	-0.014378	-0.004723	0.110812	-0.028789	-0.044922	-0.054182	-0.037816	0.044786	-0.014383	0.026279	-0.006748	-0.004201	-0.032864	0.021700	-0.009145
6	4.76326774559536403	-0.011004	-0.007030	-0.004323	0.074489	-0.493135	-0.241396	-0.249857	-0.283250	0.423592	0.315588	0.306439	0.329953	0.025157	0.027468	0.030810	0.075098	0.016314	-0.024901	-0.066292	-0.006407	-0.062431	-0.096158	-0.064432	-0.110357	0.002151	-0.011231	-0.001111	0.115182	-0.029588	-0.045798	-0.055116	-0.038493	0.045708	-0.014246	0.026693	-0.006633	-0.003629	-0.032478	0.022317	-0.008397
7	4.76386065448492424	-0.011180	-0.007446	-0.004418	0.074591	-0.493734	-0.241900	-0.250103	-0.283614	0.422776	0.314506	0.305446	0.329312	0.025857	0.028107	0.031555	0.075944	0.015350	-0.026007	-0.067606	-0.007293	-0.062414	-0.096055	-0.064255	-0.110395	0.004713	-0.009387	0.001006	0.117733	-0.030052	-0.046306	-0.055659	-0.038887	0.046242	-0.014168	0.026932	-0.006568	-0.003294	-0.032251	0.022678	-0.007957
8	4.76429222924334361	-0.011377	-0.007908	-0.004524	0.074700	-0.494379	-0.242449	-0.250366	-0.284006	0.421856	0.313293	0.304334	0.328587	0.026632	0.028814	0.032380	0.076878	0.014281	-0.027233	-0.069061	-0.008276	-0.062392	-0.095936	-0.064055	-0.110433	0.007557	-0.007340	0.003357	0.120562	-0.030565	-0.046869	-0.056259	-0.039321	0.046832	-0.014080	0.027195	-0.006496	-0.002923	-0.031996	0.023077	-0.007469
9	4.76404923035183092	-0.011418	-0.008005	-0.004546	0.074722	-0.494512	-0.242563	-0.250419	-0.284087	0.421660	0.313036	0.304099	0.328433	0.026794	0.028962	0.032553	0.077073	0.014056	-0.027490	-0.069366	-0.008483	-0.062386	-0.095911	-0.064013	-0.110440	0.008153	-0.006911	0.003851	0.121155	-0.030673	-0.046987	-0.056384	-0.039412	0.046956	-0.014062	0.027250	-0.006480	-0.002845	-0.031943	0.023161	-0.007366
10	4.76416765806079212	-0.011423	-0.008015	-0.004548	0.074725	-0.494527	-0.242576	-0.250425	-0.284096	0.421639	0.313008	0.304073	0.328416	0.026812	0.028979	0.032572	0.077095	0.014031	-0.027519	-0.069399	-0.008505	-0.062386	-0.095908	-0.064008	-0.110441	0.008219	-0.006863	0.003906	0.121220	-0.030685	-0.047000	-0.056398	-0.039422	0.046969	-0.014060	0.027256	-0.006479	-0.002836	-0.031937	0.023170	-0.007355
11	4.76416794358670437	-0.011428	-0.008027	-0.004551	0.074727	-0.494543	-0.242590	-0.250432	-0.284106	0.421615	0.312977	0.304044	0.328397	0.026832	0.028997	0.032593	0.077119	0.014004	-0.027550	-0.069437	-0.008531	-0.062385	-0.095905	-0.064003	-0.110442	0.008293	-0.006811	0.003966	0.121293	-0.030698	-0.047014	-0.056413	-0.039433	0.046984	-0.014058	0.027263	-0.006477	-0.002826	-0.031930	0.023180	-0.007342
12	4.76416778280310815	-0.011429	-0.008030	-0.004552	0.074728	-0.494546	-0.242593	-0.250433	-0.284108	0.421610	0.312970	0.304038	0.328393	0.026836	0.029001	0.032597	0.077124	0.013998	-0.027557	-0.069445	-0.008536	-0.062385	-0.095904	-0.064002	-0.110442	0.008308	-0.006799	0.003979	0.121308	-0.030701	-0.047017	-0.056417	-0.039436	0.046988	-0.014057	0.027264	-0.006476	-0.002824	-0.031929	0.023182	-0.007339
13	4.76416793174302988	-0.011429	-0.008030	-0.004552	0.074728	-0.494547	-0.242593	-0.250434	-0.284108	0.421609	0.312969	0.304036	0.328392	0.026837	0.029002	0.032598	0.077125	0.013997	-0.027558	-0.069446	-0.008537	-0.062385	-0.095904	-0.064001	-0.110442	0.008311	-0.006797	0.003981	0.121311	-0.030701	-0.047018	-0.056417	-0.039436	0.046988	-0.014057	0.027264	-0.006476	-0.002824	-0.031928	0.023183	-0.007339
14	4.76416779788353040	-0.011429	-0.008030	-0.004552	0.074728	-0.494547	-0.242593	-0.250434	-0.284108	0.421608	0.312968	0.304036	0.328392	0.026837	0.029002	0.032598	0.077125	0.013997	-0.027559	-0.069447	-0.008537	-0.062385	-0.095904	-0.064001	-0.110442	0.008312	-0.006797	0.003982	0.121312	-0.030701	-0.047018	-0.056417	-0.039436	0.046988	-0.014057	0.027265	-0.006476	-0.002824	-0.031928	0.023183	-0.007339
15	4.76416786129491854	-0.011429	-0.008030	-0.004552	0.074728	-0.494547	-0.242593	-0.250434	-0.284108	0.421608	0.312968	0.304036	0.328392	0.026837	0.029002	0.032598	0.077125	0.013997	-0.027559	-0.069447	-0.008537	-0.062385	-0.095904	-0.064001	-0.110442	0.008312	-0.006797	0.003982	0.121312	-0.030701	-0.047018	-0.056417	-0.039436	0.046988	-0.014057	0.027265	-0.006476	-0.002824	-0.031928	0.023183	-0.007339
16	4.76416786129509084	-0.011429	-0.008030	-0.004552	0.074728	-0.494547	-0.242593	-0.250434	-0.284108	0.421608	0.312968	0.304036	0.328392	0.026837	0.029002	0.032598	0.077125	0.013997	-0.027559	-0.069447	-0.008537	-0.062385	-0.095904	-0.064001	-0.110442	0.008312	-0.006797	0.003982	0.121312	-0.030701	-0.047018	-0.056417	-0.039436	0.046988	-0.014057	0.027265	-0.006476	-0.002824	-0.031928	0.023183	-0.007339
17	4.76416786129521697	-0.011429	-0.008030	-0.004552	0.074728	-0.494547	-0.242593	-0.250434	-0.284108	0.421608	0.312968	0.304036	0.328392	0.026837	0.029002	0.032598	0.077125	0.013997	-0.027559	-0.069447	-0.008537	-0.062385	-0.095904	-0.064001	-0.110442	0.008312	-0.006797	0.003982	0.121312	-0.030701	-0.047018	-0.056417	-0.039436	0.046988	-0.014057	0.027265	-0.006476	-0.002824	-0.031928	0.023183	-0.007339
18	4.76416786129514414	-0.011429	-0.008030	-0.004552	0.074728	-0.494547	-0.242593	-0.250434	-0.284108	0.421608	0.312968	0.304036	0.328392	0.026837	0.029002	0.032598	0.077125	0.013997	-0.027559	-0.069447	-0.008537	-0.062385	-0.095904	-0.064001	-0.110442	0.008312	-0.006797	0.003982	0.121312	-0.030701	-0.047018	-0.056417	-0.039436	0.046988	-0.014057	0.027265	-0.006476	-0.002824	-0.031928	0.023183	-0.007339
19	4.76416786129521430	-0.011429	-0.008030	-0.004552	0.074728	-0.494547	-0.242593	-0.250434	-0.284108	0.421608	0.312968	0.304036	0.328392	0.026837	0.029002	0.032598	0.077125	0.013997	-0.027559	-0.069447	-0.008537	-0.062385	-0.095904	-0.064001	-0.110442	0.008312	-0.006797	0.003982	0.121312	-0.030701	-0.047018	-0.056417	-0.039436	0.046988	-0.014057	0.027265	-0.006476	-0.002824	-0.031928	0.023183	-0.007339
20	4.76416786129517877	-0.011429	-0.008030	-0.004552	0.074728	-0.494547	-0.242593	-0.250434	-0.284108	0.421608	0.312968	0.304036	0.328392	0.026837	0.029002	0.032598	0.077125	0.013997	-0.027559	-0.069447	-0.008537	-0.062385	-0.095904	-0.064001	-0.110442	0.008312	-0.006797	0.003982	0.121312	-0.030701	-0.047018	-0.056417	-0.039436	0.046988	-0.014057	0.027265	-0.006476	-0.002824	-0.031928	0.023183	-0.007339
21	4.76416786129517966	-0.011429	-0.008030	-0.004552	0.074728	-0.494547	-0.242593	-0.250434	-0.284108	0.421608	0.312968	0.304036	0.328392	0.026837	0.029002	0.032598	0.077125	0.013997	-0.027559	-0.069447	-0.008537	-0.062385	-0.095904	-0.064001	-0.110442	0.008312	-0.006797	0.003982	0.121312	-0.030701	-0.047018	-0.056417	-0.039436	0.046988	-0.014057	0.027265	-0.006476	-0.002824	-0.031928	0.023183	-0.007339
22	4.76416786129518233	-0.011429	-0.008030	-0.004552	0.074728	-0.494547	-0.242593	-0.250434	-0.284108	0.421608	0.312968	0.304036	0.328392	0.026837	0.029002	0.032598	0.077125	0.013997	-0.027559	-0.069447	-0.008537	-0.062385	-0.095904	-0.064001	-0.110442	0.008312	-0.006797	0.003982	0.121312	-0.030701	-0.047018	-0.056417	-0.039436	0.046988	-0.014057	0.027265	-0.006476	-0.002824	-0.031928	0.023183	-0.007339
23	4.76416786129517877	-0.011429	-0.008030	-0.004552	0.074728	-0.494547	-0.242593	-0.250434	-0.284108	0.421608	0.312968	0.304036	0.328392	0.026837	0.029002	0.032598	0.077125	0.013997	-0.027559	-0.069447	-0.008537	-0.062385	-0.095904	-0.064001	-0.110442	0.008312	-0.006797	0.003982	0.121312	-0.030701	-0.047018	-0.056417	-0.039436	0.046988	-0.014057	0.027265	-0.006476	-0.002824	-0.031928	0.023183	-0.007339
24	4.76416786129517877	-0.011429	-0.008030	-0.004552	0.074728	-0.494547	-0.242593	-0.250434	-0.284108	0.421608	0.312968	0.304036	0.328392	0.026837	0.029002	0.032598	0.077125	0.013997	-0.027559	-0.069447	-0.008537	-0.062385	-0.095904	-0.064001	-0.110442	0.008312	-0.006797	0.003982	0.121312	-0.030701	-0.047018	-0.056417	-0.039436	0.046988	-0.014057	0.027265	-0.006476	-0.002824	-0.031928	0.023183	-0.007339
suc

Time : 177724462
Iter : 250000
eValue : 6.03521634341857283
eVec : -0.04270331251153832	-0.06156111094985890	-0.03171117398068024	0.05631739770152184	-0.48538094066203175	-0.25285302998375575	-0.23774574826828188	-0.27614908096417801	0.34537406027359707	0.24400280479100747	0.23007967121192843	0.26691808802227546	0.07047812010217550	0.06885380324249560	0.08905041796322605	0.12465344991957655	-0.05484856022192032	-0.10387486707947795	-0.14806997758294049	-0.06826733673380325	-0.04023797066020050	-0.06567518962274456	-0.03457558706932768	-0.08789765107952076	0.18001358244430946	0.09460083341649735	0.11638475099275415	0.28189056611891539	-0.05546202247024716	-0.07830775157559475	-0.08244705724669393	-0.05767897680429065	0.08426977114054944	0.00962389076046259	0.04860948591862035	0.00032565365100182	0.01966702901058652	-0.01438099032860853	0.04606269554150569	0.02270762427521716	
Time : 177724465, eSize : 0
0	33702.27973508932336699	0.006700	0.041872	0.010710	-0.089260	0.417196	0.219668	0.200034	0.230363	-0.221690	-0.118224	-0.120038	-0.154490	-0.102548	-0.092926	-0.121199	-0.165420	0.129902	0.182198	0.234087	0.129143	0.016265	0.058023	0.014835	0.080457	-0.265443	-0.192593	-0.200770	-0.390738	0.099719	0.116225	0.129057	0.099942	-0.121194	-0.038559	-0.074701	-0.026135	-0.032657	-0.001181	-0.062331	-0.047268
1	5.61732957579917702	0.039288	0.060349	0.030079	-0.058941	0.477990	0.252211	0.232540	0.271943	-0.320245	-0.220242	-0.208192	-0.245166	-0.077087	-0.075603	-0.095931	-0.131527	0.069692	0.119098	0.165112	0.081557	0.036422	0.060075	0.029106	0.083334	-0.205913	-0.117988	-0.141613	-0.314706	0.059790	0.082507	0.086867	0.061087	-0.090274	-0.009283	-0.050279	-0.000143	-0.024550	0.009093	-0.050742	-0.029454
2	6.01614541518053958	0.042346	0.061547	0.031590	-0.056648	0.484000	0.252855	0.236714	0.275426	-0.340228	-0.239076	-0.225585	-0.262489	-0.071803	-0.070269	-0.090453	-0.125989	0.057920	0.107026	0.151622	0.071065	0.039341	0.064368	0.033338	0.086855	-0.185903	-0.099864	-0.122136	-0.289392	0.056202	0.079062	0.083218	0.058225	-0.085343	-0.009259	-0.048724	-0.000020	-0.020841	0.013184	-0.047133	-0.024243
3	6.03432960372299210	0.042651	0.061573	0.031701	-0.056376	0.485085	0.252855	0.237524	0.275997	-0.344280	-0.242953	-0.229126	-0.265979	-0.070753	-0.069151	-0.089342	-0.124929	0.055500	0.104544	0.148826	0.068862	0.040043	0.065395	0.034310	0.087677	-0.181306	-0.095755	-0.117649	-0.283534	0.055614	0.078464	0.082606	0.057790	-0.084488	-0.009531	-0.048621	-0.000246	-0.019927	0.014118	-0.046299	-0.023046
4	6.03598142907144020	0.042732	0.061557	0.031718	-0.056287	0.485521	0.252850	0.237852	0.276221	-0.345909	-0.244517	-0.230547	-0.267378	-0.070341	-0.068706	-0.088905	-0.124516	0.054527	0.103544	0.147697	0.067974	0.040334	0.065814	0.034707	0.088007	-0.179383	-0.094038	-0.115769	-0.281087	0.055386	0.078230	0.082368	0.057624	-0.084161	-0.009668	-0.048602	-0.000363	-0.019540	0.014509	-0.045948	-0.022543
5	6.03520643878551954	0.042708	0.061560	0.031712	-0.056311	0.485412	0.252853	0.237769	0.276165	-0.345489	-0.244113	-0.230180	-0.267017	-0.070449	-0.068823	-0.089020	-0.124625	0.054780	0.103804	0.147990	0.068205	0.040259	0.065705	0.034604	0.087921	-0.179876	-0.094478	-0.116250	-0.281716	0.055446	0.078291	0.082430	0.057667	-0.084247	-0.009634	-0.048609	-0.000334	-0.019639	0.014409	-0.046038	-0.022672
6	6.03522488920583733	0.042701	0.061562	0.031711	-0.056320	0.485366	0.252853	0.237734	0.276141	-0.345318	-0.243949	-0.230030	-0.266870	-0.070492	-0.068869	-0.089066	-0.124668	0.054882	0.103910	0.148109	0.068298	0.040228	0.065661	0.034562	0.087886	-0.180081	-0.094661	-0.116450	-0.281976	0.055470	0.078316	0.082455	0.057685	-0.084281	-0.009619	-0.048610	-0.000321	-0.019681	0.014367	-0.046075	-0.022725
7	6.03521623267435636	0.042703	0.061561	0.031711	-0.056318	0.485378	0.252853	0.237743	0.276147	-0.345362	-0.243991	-0.230069	-0.266908	-0.070481	-0.068857	-0.089054	-0.124656	0.054856	0.103882	0.148078	0.068274	0.040236	0.065672	0.034573	0.087895	-0.180028	-0.094614	-0.116399	-0.281909	0.055464	0.078309	0.082449	0.057680	-0.084272	-0.009623	-0.048610	-0.000325	-0.019670	0.014378	-0.046065	-0.022711
8	6.03521643896865712	0.042704	0.061561	0.031711	-0.056317	0.485383	0.252853	0.237747	0.276150	-0.345380	-0.244009	-0.230085	-0.266923	-0.070477	-0.068852	-0.089049	-0.124652	0.054845	0.103871	0.148066	0.068264	0.040239	0.065677	0.034577	0.087899	-0.180006	-0.094594	-0.116378	-0.281882	0.055461	0.078307	0.082446	0.057678	-0.084269	-0.009624	-0.048609	-0.000326	-0.019666	0.014382	-0.046061	-0.022706
9	6.03521634218016345	0.042703	0.061561	0.031711	-0.056317	0.485381	0.252853	0.237746	0.276149	-0.345375	-0.244004	-0.230081	-0.266919	-0.070478	-0.068853	-0.089050	-0.124653	0.054848	0.103874	0.148069	0.068267	0.040238	0.065676	0.034576	0.087898	-0.180012	-0.094599	-0.116383	-0.281889	0.055462	0.078308	0.082447	0.057679	-0.084270	-0.009624	-0.048609	-0.000326	-0.019667	0.014381	-0.046062	-0.022707
10	6.03521634448707101	0.042703	0.061561	0.031711	-0.056317	0.485381	0.252853	0.237746	0.276149	-0.345373	-0.244002	-0.230079	-0.266918	-0.070478	-0.068854	-0.089051	-0.124654	0.054849	0.103875	0.148070	0.068268	0.040238	0.065675	0.034575	0.087898	-0.180014	-0.094602	-0.116385	-0.281892	0.055462	0.078308	0.082447	0.057679	-0.084270	-0.009624	-0.048609	-0.000326	-0.019667	0.014381	-0.046063	-0.022708
11	6.03521634340472435	0.042703	0.061561	0.031711	-0.056317	0.485381	0.252853	0.237746	0.276149	-0.345374	-0.244003	-0.230080	-0.266918	-0.070478	-0.068854	-0.089050	-0.124653	0.054849	0.103875	0.148070	0.068267	0.040238	0.065675	0.034576	0.087898	-0.180014	-0.094601	-0.116385	-0.281891	0.055462	0.078308	0.082447	0.057679	-0.084270	-0.009624	-0.048609	-0.000326	-0.019667	0.014381	-0.046063	-0.022708
12	6.03521634343052149	0.042703	0.061561	0.031711	-0.056317	0.485381	0.252853	0.237746	0.276149	-0.345374	-0.244003	-0.230080	-0.266918	-0.070478	-0.068854	-0.089050	-0.124653	0.054849	0.103875	0.148070	0.068267	0.040238	0.065675	0.034576	0.087898	-0.180014	-0.094601	-0.116385	-0.281890	0.055462	0.078308	0.082447	0.057679	-0.084270	-0.009624	-0.048609	-0.000326	-0.019667	0.014381	-0.046063	-0.022708
13	6.03521634341842184	0.042703	0.061561	0.031711	-0.056317	0.485381	0.252853	0.237746	0.276149	-0.345374	-0.244003	-0.230080	-0.266918	-0.070478	-0.068854	-0.089050	-0.124653	0.054849	0.103875	0.148070	0.068267	0.040238	0.065675	0.034576	0.087898	-0.180014	-0.094601	-0.116385	-0.281891	0.055462	0.078308	0.082447	0.057679	-0.084270	-0.009624	-0.048609	-0.000326	-0.019667	0.014381	-0.046063	-0.022708
14	6.03521634341870250	0.042703	0.061561	0.031711	-0.056317	0.485381	0.252853	0.237746	0.276149	-0.345374	-0.244003	-0.230080	-0.266918	-0.070478	-0.068854	-0.089050	-0.124653	0.054849	0.103875	0.148070	0.068267	0.040238	0.065675	0.034576	0.087898	-0.180014	-0.094601	-0.116385	-0.281891	0.055462	0.078308	0.082447	0.057679	-0.084270	-0.009624	-0.048609	-0.000326	-0.019667	0.014381	-0.046063	-0.022708
15	6.03521634341857194	0.042703	0.061561	0.031711	-0.056317	0.485381	0.252853	0.237746	0.276149	-0.345374	-0.244003	-0.230080	-0.266918	-0.070478	-0.068854	-0.089050	-0.124653	0.054849	0.103875	0.148070	0.068267	0.040238	0.065675	0.034576	0.087898	-0.180014	-0.094601	-0.116385	-0.281891	0.055462	0.078308	0.082447	0.057679	-0.084270	-0.009624	-0.048609	-0.000326	-0.019667	0.014381	-0.046063	-0.022708
16	6.03521634341857460	0.042703	0.061561	0.031711	-0.056317	0.485381	0.252853	0.237746	0.276149	-0.345374	-0.244003	-0.230080	-0.266918	-0.070478	-0.068854	-0.089050	-0.124653	0.054849	0.103875	0.148070	0.068267	0.040238	0.065675	0.034576	0.087898	-0.180014	-0.094601	-0.116385	-0.281891	0.055462	0.078308	0.082447	0.057679	-0.084270	-0.009624	-0.048609	-0.000326	-0.019667	0.014381	-0.046063	-0.022708
17	6.03521634341857460	0.042703	0.061561	0.031711	-0.056317	0.485381	0.252853	0.237746	0.276149	-0.345374	-0.244003	-0.230080	-0.266918	-0.070478	-0.068854	-0.089050	-0.124653	0.054849	0.103875	0.148070	0.068267	0.040238	0.065675	0.034576	0.087898	-0.180014	-0.094601	-0.116385	-0.281891	0.055462	0.078308	0.082447	0.057679	-0.084270	-0.009624	-0.048609	-0.000326	-0.019667	0.014381	-0.046063	-0.022708
suc

