J_val = 97149.39433201971405651
GE_LEM : 
0.000000	60.592559	60.085824	71.380943	111.877737	404.075453	460.357064	341.857133	331.955414	334.790434	184.795253	186.335851	181.090185	203.340611	212.037430	257.737875	289.806657	215.213657	193.994824	196.605630	269.200406	257.885748	228.868842	221.865606	282.854562	209.921039	226.930842	257.307517	254.748353	184.035418	215.295708	270.809986	205.424034	199.901148	178.921685	299.877565	344.442450	313.297772	292.728585	311.495505	306.646144	252.030403	272.971181	248.206584	249.585178	234.379620	323.772130	297.428950	228.050394	250.236399	
60.592559	0.000000	43.116751	50.209824	96.514506	371.070865	416.789913	304.880760	291.496542	299.691523	158.458157	160.812080	157.363474	180.289038	192.954297	237.426488	271.761832	202.649582	171.916260	171.982518	231.953559	220.379138	198.270066	183.525606	248.237744	183.868827	197.494694	234.529041	231.141103	161.868930	195.035679	255.018451	182.915341	178.875959	156.368647	272.873742	322.033089	285.015702	264.974855	278.663829	263.646314	217.315698	234.147450	213.694944	211.995675	206.514683	299.860051	270.109723	201.920521	218.187935	
60.085824	43.116751	0.000000	51.742304	97.698153	363.638693	420.150889	302.800743	288.894231	294.592921	162.620491	163.063301	162.565539	186.946272	194.340419	226.874097	260.486749	190.020471	163.960151	164.781910	239.098192	226.346277	203.830198	191.937575	252.549212	185.659614	198.872802	234.132004	226.197436	161.295653	192.725021	254.648975	183.611990	178.904538	160.529379	261.997317	310.473672	273.881176	252.865985	269.828053	268.415991	223.503902	236.966181	214.123177	212.992928	198.491850	299.354327	266.859468	198.885547	215.714913	
71.380943	50.209824	51.742304	0.000000	108.441706	356.269268	406.909488	299.361064	287.265046	292.405569	165.442046	169.201689	166.838685	190.233400	198.923092	239.862020	275.195000	207.840142	176.976583	180.970812	247.687023	234.114844	217.016266	199.664860	266.754428	195.655405	212.731063	247.179373	241.350765	174.655960	207.568906	267.996321	192.324815	188.802431	165.764443	279.892267	323.847571	289.021688	267.506483	282.423701	276.881796	228.664660	241.181150	221.164337	222.036718	223.713943	314.518570	287.134818	215.640529	240.130569	
111.877737	96.514506	97.698153	108.441706	0.000000	439.100810	491.121933	380.143513	363.047060	366.427858	221.481046	221.879554	218.035008	236.882907	240.696477	285.036217	314.591647	248.753156	224.919546	228.314445	309.477801	304.515050	278.565244	264.008019	323.498070	246.265215	263.044625	292.773559	288.820410	220.104584	251.723301	305.797256	239.771860	239.053228	208.478507	345.004800	393.124198	351.607794	333.806997	349.771524	330.653741	283.213835	301.044820	280.748839	279.563650	264.658249	357.108738	333.330444	263.870961	281.244704	
404.075453	371.070865	363.638693	356.269268	439.100810	0.000000	131.460053	75.182123	73.529162	75.185956	300.533467	310.600296	297.723507	324.123398	341.385203	355.839231	377.493379	326.720063	309.347598	308.909089	244.311302	258.167027	251.103596	232.336321	280.407371	353.258570	410.818145	426.092294	406.944944	352.297199	378.064525	414.663168	365.433547	342.855804	332.541142	273.018775	322.561052	279.488199	275.989214	289.883223	241.556291	231.871408	211.462599	209.258587	221.059615	349.633116	443.577031	423.984657	354.842024	374.607636	
460.357064	416.789913	420.150889	406.909488	491.121933	131.460053	0.000000	110.792319	101.930435	102.872355	359.852223	363.847376	355.211612	378.716342	397.647369	415.921050	430.483934	393.607276	369.002417	367.260423	275.679948	289.145788	279.877927	268.652650	317.807617	403.064692	472.560891	480.790590	467.470371	409.566661	423.937799	451.735455	412.463671	385.840759	380.086741	345.621263	383.903176	346.879519	342.037309	351.172836	292.816217	283.606866	262.028225	254.874719	268.357139	404.800847	498.549752	476.999304	404.101458	428.606490	
341.857133	304.880760	302.800743	299.361064	380.143513	75.182123	110.792319	0.000000	43.619738	49.246931	253.264725	260.354797	249.135452	272.711697	290.597194	306.576071	325.734279	274.567756	256.401773	255.574628	192.602659	195.442512	190.894592	173.296096	224.612590	294.613655	350.342853	370.143320	347.393199	293.299135	321.571949	359.907382	307.362641	292.387889	273.205611	235.864374	287.233222	243.237452	235.332911	246.328788	210.308767	194.638597	176.657915	166.535927	184.214601	294.651405	389.755776	376.440220	301.025360	325.740720	
331.955414	291.496542	288.894231	287.265046	363.047060	73.529162	101.930435	43.619738	0.000000	41.720629	239.617502	247.378739	237.426823	261.706648	278.068578	287.741459	304.620232	257.930600	238.159768	236.640900	190.962501	192.801476	188.218752	166.457195	216.992838	285.866967	342.946623	362.214473	341.572814	283.136404	308.788660	349.345458	295.461656	276.780014	261.475414	210.953025	257.157151	215.230309	209.345196	220.698937	203.062930	185.699612	166.218111	157.133612	169.061994	275.146319	366.968435	353.835520	281.605154	300.150551	
334.790434	299.691523	294.592921	292.405569	366.427858	75.185956	102.872355	49.246931	41.720629	0.000000	245.946228	255.892878	248.889032	267.327872	287.431780	294.455932	308.822030	258.811931	243.302141	245.639490	191.179095	196.246645	194.526011	171.754863	220.959245	300.990641	351.158467	368.986950	352.895290	296.593592	323.071711	365.014241	311.914738	290.501883	277.848062	220.253853	264.305605	223.373417	219.155325	234.414259	199.519376	186.932453	171.085797	163.393557	175.402923	280.380624	374.605637	356.488521	286.680177	306.642831	
184.795253	158.458157	162.620491	165.442046	221.481046	300.533467	359.852223	253.264725	239.617502	245.946228	0.000000	43.451030	40.259131	59.519202	69.931778	204.783802	236.178169	174.309747	149.097577	153.560830	199.568180	201.168064	185.456706	175.387040	232.223902	193.905899	228.355685	254.767086	253.689364	173.361551	214.830921	273.035363	195.452494	192.526735	174.503687	232.086543	278.793555	247.686216	226.367137	245.455201	225.098901	187.876277	195.035924	178.647173	180.135004	217.532760	319.726654	286.803237	227.239863	241.277756	
186.335851	160.812080	163.063301	169.201689	221.879554	310.600296	363.847376	260.354797	247.378739	255.892878	43.451030	0.000000	42.800431	63.714118	75.941610	215.564969	245.002417	183.960235	158.003662	159.490500	209.403405	212.813347	197.374971	188.215241	242.481524	204.779982	237.288758	264.781915	259.131606	179.394190	221.590804	283.236395	206.112523	204.860941	182.296158	238.987207	282.305261	251.105568	231.521621	246.925979	233.503561	191.790304	200.267973	182.953002	185.517028	222.899113	323.589254	283.548363	230.179171	241.358855	
181.090185	157.363474	162.565539	166.838685	218.035008	297.723507	355.211612	249.135452	237.426823	248.889032	40.259131	42.800431	0.000000	58.294515	69.010656	209.188286	235.598228	178.059970	151.793969	154.707298	198.194719	203.165757	187.223061	176.994043	232.575688	209.642578	241.893755	270.564465	267.632695	182.570653	217.278605	273.165879	199.611322	197.875950	175.088040	228.333016	273.686392	240.628669	218.654663	236.137788	230.835834	192.021606	192.746398	180.207464	182.849863	218.997203	317.320558	282.657554	228.151773	238.216146	
203.340611	180.289038	186.946272	190.233400	236.882907	324.123398	378.716342	272.711697	261.706648	267.327872	59.519202	63.714118	58.294515	0.000000	87.156699	216.935133	251.587504	187.711148	163.934981	165.056861	218.913574	218.786676	206.582233	194.780986	246.186849	216.613698	244.964727	273.432377	262.579698	190.264471	247.523945	301.232882	229.442198	222.044433	201.570104	254.184602	300.152809	267.904945	242.985609	265.685385	244.218717	207.632209	218.219312	198.858943	200.119631	233.657195	336.961433	296.974853	250.071896	255.970687	
212.037430	192.954297	194.340419	198.923092	240.696477	341.385203	397.647369	290.597194	278.068578	287.431780	69.931778	75.941610	69.010656	87.156699	0.000000	232.690871	263.178836	209.788455	179.654610	184.550580	240.201665	242.681783	230.467512	220.229469	271.845508	232.355320	267.401279	301.061158	291.026547	209.743416	242.094836	302.281124	222.404201	222.066676	201.355671	271.872987	316.367679	283.029910	263.640261	280.792697	259.617143	224.632422	228.807350	212.237530	213.921495	254.608628	351.269050	319.715703	263.180397	277.719156	
257.737875	237.426488	226.874097	239.862020	285.036217	355.839231	415.921050	306.576071	287.741459	294.455932	204.783802	215.564969	209.188286	216.935133	232.690871	0.000000	144.299020	103.816241	80.378338	84.059582	271.791552	263.217392	255.339610	230.745205	282.252754	211.145846	237.711198	263.974569	248.109368	194.125658	302.554395	346.985665	268.616684	273.813654	242.025277	241.109790	290.409316	248.794350	235.408328	255.917587	276.745852	227.836607	233.552809	230.026934	217.240141	232.616786	329.873036	297.466609	243.991404	268.922790	
289.806657	271.761832	260.486749	275.195000	314.591647	377.493379	430.483934	325.734279	304.620232	308.822030	236.178169	245.002417	235.598228	251.587504	263.178836	144.299020	0.000000	123.730575	106.677648	107.452140	292.996441	286.352272	280.140659	264.081719	311.580160	246.840798	278.219399	314.100577	289.736483	240.597707	327.659126	363.899967	300.225573	295.537542	272.310435	261.572935	308.303012	259.804344	250.331230	272.132150	289.404569	233.458993	244.270869	239.525624	232.695281	254.418571	346.180264	320.747028	257.938382	279.248012	
215.213657	202.649582	190.020471	207.840142	248.753156	326.720063	393.607276	274.567756	257.930600	258.811931	174.309747	183.960235	178.059970	187.711148	209.788455	103.816241	123.730575	0.000000	58.279547	59.242298	240.746862	232.328451	223.454380	203.852294	258.720441	188.444339	216.071948	235.607438	225.361319	171.108921	276.143411	324.857543	248.668688	249.303594	226.359469	195.111486	247.573665	201.025986	188.029835	210.440079	250.292580	206.084810	211.793613	203.131739	190.484617	190.873757	291.281485	264.422908	205.636051	230.577401	
193.994824	171.916260	163.960151	176.976583	224.919546	309.347598	369.002417	256.401773	238.159768	243.302141	149.097577	158.003662	151.793969	163.934981	179.654610	80.378338	106.677648	58.279547	0.000000	40.481730	214.488275	199.425104	199.626759	175.241274	234.210719	163.669993	186.298028	217.986940	204.165502	146.302475	249.499765	297.484498	215.791484	216.261698	195.011054	177.449492	219.419585	185.504396	167.210672	189.180362	223.419111	171.419601	180.730838	175.297936	163.220686	170.706821	267.252825	241.167269	177.055248	201.754832	
196.605630	171.982518	164.781910	180.970812	228.314445	308.909089	367.260423	255.574628	236.640900	245.639490	153.560830	159.490500	154.707298	165.056861	184.550580	84.059582	107.452140	59.242298	40.481730	0.000000	210.117611	200.474872	193.113256	169.013796	219.604774	165.222530	185.710370	217.355857	197.587951	144.797003	254.000567	298.117262	218.025946	222.476323	196.656615	168.402854	213.980081	175.585169	160.045605	180.531635	220.524165	175.640349	180.679483	173.737810	163.539263	162.315926	261.092461	230.975348	168.803714	194.953035	
269.200406	231.953559	239.098192	247.687023	309.477801	244.311302	275.679948	192.602659	190.962501	191.179095	199.568180	209.403405	198.194719	218.913574	240.201665	271.791552	292.996441	240.746862	214.488275	210.117611	0.000000	78.776738	83.309391	67.091431	104.846970	216.095831	251.853398	293.404417	268.882769	212.938756	288.643163	323.183294	262.291426	249.195906	239.401375	192.545098	233.022654	199.819267	192.333890	198.946201	209.485237	182.002695	185.485670	170.730076	175.425129	200.143300	280.806145	256.721845	208.528005	218.740070	
257.885748	220.379138	226.346277	234.114844	304.515050	258.167027	289.145788	195.442512	192.801476	196.246645	201.168064	212.813347	203.165757	218.786676	242.681783	263.217392	286.352272	232.328451	199.425104	200.474872	78.776738	0.000000	78.315077	55.661477	93.606450	208.564243	244.845760	287.253106	264.092553	206.047274	279.784308	324.612360	259.523518	247.477614	236.528744	166.444847	203.128480	177.315462	164.781383	174.838104	222.143756	187.494962	194.900668	177.259503	182.479967	174.469739	258.024791	225.237042	174.576570	183.519644	
228.868842	198.270066	203.830198	217.016266	278.565244	251.103596	279.877927	190.894592	188.218752	194.526011	185.456706	197.374971	187.223061	206.582233	230.467512	255.339610	280.140659	223.454380	199.626759	193.113256	83.309391	78.315077	0.000000	58.531117	100.420534	191.858327	225.270370	262.729115	245.960982	183.665304	264.766759	307.837000	239.236961	226.406853	217.735417	187.082167	225.631229	192.821261	184.322347	191.764858	208.414979	178.114423	178.234815	169.855581	163.791166	173.210029	257.606042	233.579254	175.555105	187.735568	
221.865606	183.525606	191.937575	199.664860	264.008019	232.336321	268.652650	173.296096	166.457195	171.754863	175.387040	188.215241	176.994043	194.780986	220.229469	230.745205	264.081719	203.852294	175.241274	169.013796	67.091431	55.661477	58.531117	0.000000	79.913040	179.910956	212.259208	251.979498	232.982217	171.225304	255.978861	304.566204	234.077866	221.749668	208.390567	145.483609	185.236672	153.559176	146.026296	153.108966	194.325367	156.824655	162.108266	146.281800	150.467676	155.582995	238.130584	212.289689	151.819161	164.794015	
282.854562	248.237744	252.549212	266.754428	323.498070	280.407371	317.807617	224.612590	216.992838	220.959245	232.223902	242.481524	232.575688	246.186849	271.845508	282.252754	311.580160	258.720441	234.210719	219.604774	104.846970	93.606450	100.420534	79.913040	0.000000	236.606589	269.708796	303.163181	285.793175	226.161441	322.550363	366.372967	294.021703	281.818793	273.052332	174.066372	214.351084	178.802239	173.183226	188.943871	239.042441	202.486837	209.474177	190.796031	196.760968	191.973752	274.422374	250.518478	198.974574	205.142807	
209.921039	183.868827	185.659614	195.655405	246.265215	353.258570	403.064692	294.613655	285.866967	300.990641	193.905899	204.779982	209.642578	216.613698	232.355320	211.145846	246.840798	188.444339	163.669993	165.222530	216.095831	208.564243	191.858327	179.910956	236.606589	0.000000	88.439748	118.035130	110.608814	57.838414	278.666746	321.242102	242.149555	239.654651	230.603852	262.304023	308.880088	268.835705	257.504805	269.184210	214.832270	187.137017	200.861782	187.883380	172.141678	197.920653	291.417211	273.354592	211.936925	217.207421	
226.930842	197.494694	198.872802	212.731063	263.044625	410.818145	472.560891	350.342853	342.946623	351.158467	228.355685	237.288758	241.893755	244.964727	267.401279	237.711198	278.219399	216.071948	186.298028	185.710370	251.853398	244.845760	225.270370	212.259208	269.708796	88.439748	0.000000	136.824454	118.287473	73.167902	309.744260	345.591472	269.305875	267.392520	263.097460	292.728880	335.485250	300.227140	286.333426	298.815337	244.307228	209.306718	228.065736	212.672773	191.819939	214.676005	310.843854	291.003533	229.217710	241.010857	
257.307517	234.529041	234.132004	247.179373	292.773559	426.092294	480.790590	370.143320	362.214473	368.986950	254.767086	264.781915	270.564465	273.432377	301.061158	263.974569	314.100577	235.607438	217.986940	217.355857	293.404417	287.253106	262.729115	251.979498	303.163181	118.035130	136.824454	0.000000	151.100750	105.355227	346.490500	373.834406	307.541057	297.644895	290.995650	331.836098	374.605403	334.028957	323.257028	338.879617	286.332093	247.405772	268.096459	254.541486	234.221369	280.784869	376.218113	350.041412	290.408705	298.702272	
254.748353	231.141103	226.197436	241.350765	288.820410	406.944944	467.470371	347.393199	341.572814	352.895290	253.689364	259.131606	267.632695	262.579698	291.026547	248.109368	289.736483	225.361319	204.165502	197.587951	268.882769	264.092553	245.960982	232.982217	285.793175	110.608814	118.287473	151.100750	0.000000	100.310315	331.188765	366.625801	291.625484	291.580625	281.078630	309.283170	352.473291	316.016762	304.720541	320.779578	263.208880	226.909457	243.738165	231.816679	215.928314	240.678840	339.205927	312.025725	256.947598	263.380501	
184.035418	161.868930	161.295653	174.655960	220.104584	352.297199	409.566661	293.299135	283.136404	296.593592	173.361551	179.394190	182.570653	190.264471	209.743416	194.125658	240.597707	171.108921	146.302475	144.797003	212.938756	206.047274	183.665304	171.225304	226.161441	57.838414	73.167902	105.355227	100.310315	0.000000	255.506331	303.313267	222.322953	218.741036	210.597527	249.924452	295.591857	255.846626	244.282284	258.675152	199.911945	166.731610	182.886872	170.452374	153.839671	190.775561	287.719083	267.449720	201.874221	215.204736	
215.295708	195.035679	192.725021	207.568906	251.723301	378.064525	423.937799	321.571949	308.788660	323.071711	214.830921	221.590804	217.278605	247.523945	242.094836	302.554395	327.659126	276.143411	249.499765	254.000567	288.643163	279.784308	264.766759	255.978861	322.550363	278.666746	309.744260	346.490500	331.188765	255.506331	0.000000	135.344798	77.515675	78.869577	67.844408	348.555872	407.781037	365.236859	341.227646	352.916882	317.673794	282.747543	285.328666	272.973107	269.355878	295.429945	394.414645	366.687203	299.531579	306.183897	
270.809986	255.018451	254.648975	267.996321	305.797256	414.663168	451.735455	359.907382	349.345458	365.014241	273.035363	283.236395	273.165879	301.232882	302.281124	346.985665	363.899967	324.857543	297.484498	298.117262	323.183294	324.612360	307.837000	304.566204	366.372967	321.242102	345.591472	373.834406	366.625801	303.313267	135.344798	0.000000	112.317290	113.491478	101.705019	393.269551	449.735734	410.121511	386.049321	400.362600	353.573264	323.366577	330.748035	309.658766	310.899823	351.396840	444.104171	419.173851	347.431848	361.249506	
205.424034	182.915341	183.611990	192.324815	239.771860	365.433547	412.463671	307.362641	295.461656	311.914738	195.452494	206.112523	199.611322	229.442198	222.404201	268.616684	300.225573	248.668688	215.791484	218.025946	262.291426	259.523518	239.236961	234.077866	294.021703	242.149555	269.305875	307.541057	291.625484	222.322953	77.515675	112.317290	0.000000	58.737575	48.998634	318.692964	375.406558	333.593684	308.853290	320.763270	295.527107	260.650625	263.624345	246.805459	242.941123	267.132012	371.331677	341.063960	265.966068	278.139227	
199.901148	178.875959	178.904538	188.802431	239.053228	342.855804	385.840759	292.387889	276.780014	290.501883	192.526735	204.860941	197.875950	222.044433	222.066676	273.813654	295.537542	249.303594	216.261698	222.476323	249.195906	247.477614	226.406853	221.749668	281.818793	239.654651	267.392520	297.644895	291.580625	218.741036	78.869577	113.491478	58.737575	0.000000	51.162142	311.208671	364.783197	323.812147	301.159849	314.392702	268.980032	236.125151	241.046214	226.671905	225.063520	264.927636	360.212484	340.368009	259.589217	273.109385	
178.921685	156.368647	160.529379	165.764443	208.478507	332.541142	380.086741	273.205611	261.475414	277.848062	174.503687	182.296158	175.088040	201.570104	201.355671	242.025277	272.310435	226.359469	195.011054	196.656615	239.401375	236.528744	217.735417	208.390567	273.052332	230.603852	263.097460	290.995650	281.078630	210.597527	67.844408	101.705019	48.998634	51.162142	0.000000	290.232065	349.196413	306.925851	284.691157	297.472103	270.031674	234.070072	237.136398	219.001060	218.985946	248.794133	341.959672	314.128114	240.979641	261.524992	
299.877565	272.873742	261.997317	279.892267	345.004800	273.018775	345.621263	235.864374	210.953025	220.253853	232.086543	238.987207	228.333016	254.184602	271.872987	241.109790	261.572935	195.111486	177.449492	168.402854	192.545098	166.444847	187.082167	145.483609	174.066372	262.304023	292.728880	331.836098	309.283170	249.924452	348.555872	393.269551	318.692964	311.208671	290.232065	0.000000	72.179420	36.749829	35.793879	47.587347	238.276913	198.841428	195.623646	188.938538	182.250591	149.015063	248.818673	207.620302	158.521553	171.277455	
344.442450	322.033089	310.473672	323.847571	393.124198	322.561052	383.903176	287.233222	257.157151	264.305605	278.793555	282.305261	273.686392	300.152809	316.367679	290.409316	308.303012	247.573665	219.419585	213.980081	233.022654	203.128480	225.631229	185.236672	214.351084	308.880088	335.485250	374.605403	352.473291	295.591857	407.781037	449.735734	375.406558	364.783197	349.196413	72.179420	0.000000	66.794819	71.887569	77.902530	273.586648	244.002863	238.863462	231.373916	226.866596	191.630878	290.610727	248.667445	198.264552	211.161780	
313.297772	285.015702	273.881176	289.021688	351.607794	279.488199	346.879519	243.237452	215.230309	223.373417	247.686216	251.105568	240.628669	267.904945	283.029910	248.794350	259.804344	201.025986	185.504396	175.585169	199.819267	177.315462	192.821261	153.559176	178.802239	268.835705	300.227140	334.028957	316.016762	255.846626	365.236859	410.121511	333.593684	323.812147	306.925851	36.749829	66.794819	0.000000	37.285690	45.570690	240.808822	200.761413	198.921484	194.403156	186.088398	160.650525	257.257889	220.114725	167.075436	179.393301	
292.728585	264.974855	252.865985	267.506483	333.806997	275.989214	342.037309	235.332911	209.345196	219.155325	226.367137	231.521621	218.654663	242.985609	263.640261	235.408328	250.331230	188.029835	167.210672	160.045605	192.333890	164.781383	184.322347	146.026296	173.183226	257.504805	286.333426	323.257028	304.720541	244.282284	341.227646	386.049321	308.853290	301.159849	284.691157	35.793879	71.887569	37.285690	0.000000	46.250784	239.623454	198.468702	196.361207	189.330328	181.879597	145.393720	248.154176	208.975623	156.081041	162.128810	
311.495505	278.663829	269.828053	282.423701	349.771524	289.883223	351.172836	246.328788	220.698937	234.414259	245.455201	246.925979	236.137788	265.685385	280.792697	255.917587	272.132150	210.440079	189.180362	180.531635	198.946201	174.838104	191.764858	153.108966	188.943871	269.184210	298.815337	338.879617	320.779578	258.675152	352.916882	400.362600	320.763270	314.392702	297.472103	47.587347	77.902530	45.570690	46.250784	0.000000	248.374785	208.384270	203.568380	198.334746	191.467990	158.365169	260.043303	221.842529	166.930746	179.739154	
306.646144	263.646314	268.415991	276.881796	330.653741	241.556291	292.816217	210.308767	203.062930	199.519376	225.098901	233.503561	230.835834	244.218717	259.617143	276.745852	289.404569	250.292580	223.419111	220.524165	209.485237	222.143756	208.414979	194.325367	239.042441	214.832270	244.307228	286.332093	263.208880	199.911945	317.673794	353.573264	295.527107	268.980032	270.031674	238.276913	273.586648	240.808822	239.623454	248.374785	0.000000	84.019688	79.872518	74.302921	77.697192	235.276545	326.110809	318.074515	243.824822	262.708465	
252.030403	217.315698	223.503902	228.664660	283.213835	231.871408	283.606866	194.638597	185.699612	186.932453	187.876277	191.790304	192.021606	207.632209	224.632422	227.836607	233.458993	206.084810	171.419601	175.640349	182.002695	187.494962	178.114423	156.824655	202.486837	187.137017	209.306718	247.405772	226.909457	166.731610	282.747543	323.366577	260.650625	236.125151	234.070072	198.841428	244.002863	200.761413	198.468702	208.384270	84.019688	0.000000	55.863584	51.650104	55.671672	195.306714	282.608733	273.870035	194.909811	221.697064	
272.971181	234.147450	236.966181	241.181150	301.044820	211.462599	262.028225	176.657915	166.218111	171.085797	195.035924	200.267973	192.746398	218.219312	228.807350	233.552809	244.270869	211.793613	180.730838	180.679483	185.485670	194.900668	178.234815	162.108266	209.474177	200.861782	228.065736	268.096459	243.738165	182.886872	285.328666	330.748035	263.624345	241.046214	237.136398	195.623646	238.863462	198.921484	196.361207	203.568380	79.872518	55.863584	0.000000	47.779226	54.317477	197.794436	285.235306	279.018010	204.027722	222.619906	
248.206584	213.694944	214.123177	221.164337	280.748839	209.258587	254.874719	166.535927	157.133612	163.393557	178.647173	182.953002	180.207464	198.858943	212.237530	230.026934	239.525624	203.131739	175.297936	173.737810	170.730076	177.259503	169.855581	146.281800	190.796031	187.883380	212.672773	254.541486	231.816679	170.452374	272.973107	309.658766	246.805459	226.671905	219.001060	188.938538	231.373916	194.403156	189.330328	198.334746	74.302921	51.650104	47.779226	0.000000	48.585984	178.604231	269.216260	264.411592	187.905907	206.000441	
249.585178	211.995675	212.992928	222.036718	279.563650	221.059615	268.357139	184.214601	169.061994	175.402923	180.135004	185.517028	182.849863	200.119631	213.921495	217.240141	232.695281	190.484617	163.220686	163.539263	175.425129	182.479967	163.791166	150.467676	196.760968	172.141678	191.819939	234.221369	215.928314	153.839671	269.355878	310.899823	242.941123	225.063520	218.985946	182.250591	226.866596	186.088398	181.879597	191.467990	77.697192	55.671672	54.317477	48.585984	0.000000	174.067254	266.464635	253.741234	179.964959	197.645534	
234.379620	206.514683	198.491850	223.713943	264.658249	349.633116	404.800847	294.651405	275.146319	280.380624	217.532760	222.899113	218.997203	233.657195	254.608628	232.616786	254.418571	190.873757	170.706821	162.315926	200.143300	174.469739	173.210029	155.582995	191.973752	197.920653	214.676005	280.784869	240.678840	190.775561	295.429945	351.396840	267.132012	264.927636	248.794133	149.015063	191.630878	160.650525	145.393720	158.365169	235.276545	195.306714	197.794436	178.604231	174.067254	0.000000	132.290541	107.807248	65.427082	70.521432	
323.772130	299.860051	299.354327	314.518570	357.108738	443.577031	498.549752	389.755776	366.968435	374.605637	319.726654	323.589254	317.320558	336.961433	351.269050	329.873036	346.180264	291.281485	267.252825	261.092461	280.806145	258.024791	257.606042	238.130584	274.422374	291.417211	310.843854	376.218113	339.205927	287.719083	394.414645	444.104171	371.331677	360.212484	341.959672	248.818673	290.610727	257.257889	248.154176	260.043303	326.110809	282.608733	285.235306	269.216260	266.464635	132.290541	0.000000	186.096506	142.555370	143.805468	
297.428950	270.109723	266.859468	287.134818	333.330444	423.984657	476.999304	376.440220	353.835520	356.488521	286.803237	283.548363	282.657554	296.974853	319.715703	297.466609	320.747028	264.422908	241.167269	230.975348	256.721845	225.237042	233.579254	212.289689	250.518478	273.354592	291.003533	350.041412	312.025725	267.449720	366.687203	419.173851	341.063960	340.368009	314.128114	207.620302	248.667445	220.114725	208.975623	221.842529	318.074515	273.870035	279.018010	264.411592	253.741234	107.807248	186.096506	0.000000	111.895699	116.985754	
228.050394	201.920521	198.885547	215.640529	263.870961	354.842024	404.101458	301.025360	281.605154	286.680177	227.239863	230.179171	228.151773	250.071896	263.180397	243.991404	257.938382	205.636051	177.055248	168.803714	208.528005	174.576570	175.555105	151.819161	198.974574	211.936925	229.217710	290.408705	256.947598	201.874221	299.531579	347.431848	265.966068	259.589217	240.979641	158.521553	198.264552	167.075436	156.081041	166.930746	243.824822	194.909811	204.027722	187.905907	179.964959	65.427082	142.555370	111.895699	0.000000	78.882114	
250.236399	218.187935	215.714913	240.130569	281.244704	374.607636	428.606490	325.740720	300.150551	306.642831	241.277756	241.358855	238.216146	255.970687	277.719156	268.922790	279.248012	230.577401	201.754832	194.953035	218.740070	183.519644	187.735568	164.794015	205.142807	217.207421	241.010857	298.702272	263.380501	215.204736	306.183897	361.249506	278.139227	273.109385	261.524992	171.277455	211.161780	179.393301	162.128810	179.739154	262.708465	221.697064	222.619906	206.000441	197.645534	70.521432	143.805468	116.985754	78.882114	0.000000	

GE_A : 
0.000000	0.789236	0.790800	0.756667	0.645957	-0.206301	-0.165585	-0.263058	-0.273432	-0.270421	-0.485849	-0.482934	-0.492932	-0.451898	-0.436804	-0.365391	-0.322369	-0.431418	-0.468700	-0.463944	-0.349391	-0.365180	-0.409009	-0.420352	-0.331244	-0.440430	-0.412117	-0.366005	-0.369682	-0.487294	-0.431280	-0.347201	-0.448235	-0.458010	-0.497125	-0.309934	-0.260415	-0.294105	-0.318711	-0.296183	-0.301847	-0.373628	-0.344282	-0.379251	-0.377214	-0.400298	-0.282314	-0.312912	-0.410318	-0.376256	
0.789236	0.000000	0.844995	0.821904	0.685909	-0.234689	-0.196305	-0.303935	-0.320248	-0.310159	-0.538495	-0.533566	-0.540803	-0.494477	-0.470609	-0.395562	-0.345912	-0.453119	-0.510917	-0.510785	-0.404110	-0.422800	-0.460938	-0.488265	-0.379205	-0.487611	-0.462336	-0.400065	-0.405394	-0.531368	-0.466798	-0.369293	-0.489430	-0.497214	-0.542908	-0.344413	-0.284238	-0.328459	-0.355206	-0.336711	-0.357054	-0.427890	-0.400661	-0.433985	-0.436875	-0.446329	-0.309955	-0.348152	-0.454412	-0.426434	
0.790800	0.844995	0.000000	0.816998	0.682745	-0.241602	-0.193745	-0.306415	-0.323520	-0.316398	-0.529810	-0.528895	-0.529924	-0.481784	-0.468068	-0.412208	-0.361488	-0.476033	-0.527045	-0.525356	-0.392988	-0.413059	-0.451034	-0.472482	-0.372872	-0.484212	-0.459854	-0.400686	-0.413299	-0.532559	-0.471031	-0.369826	-0.488100	-0.497159	-0.534156	-0.359361	-0.297367	-0.343061	-0.372411	-0.348535	-0.350463	-0.417671	-0.396274	-0.433259	-0.435176	-0.460539	-0.310568	-0.352600	-0.459831	-0.430574	
0.756667	0.821904	0.816998	0.000000	0.654685	-0.248658	-0.204030	-0.310560	-0.325586	-0.319113	-0.524003	-0.516364	-0.521152	-0.475638	-0.459763	-0.391817	-0.341304	-0.444024	-0.500917	-0.493162	-0.380022	-0.400712	-0.428391	-0.458433	-0.352745	-0.465670	-0.435622	-0.380776	-0.389545	-0.505478	-0.444495	-0.351038	-0.471768	-0.478304	-0.523343	-0.335099	-0.282231	-0.323359	-0.351710	-0.331802	-0.339063	-0.409335	-0.389803	-0.421505	-0.420071	-0.417328	-0.292706	-0.325752	-0.430699	-0.391406	
0.645957	0.685909	0.682745	0.654685	0.000000	-0.179921	-0.146835	-0.226517	-0.242161	-0.238984	-0.420984	-0.420329	-0.426689	-0.396403	-0.390542	-0.328433	-0.292622	-0.378442	-0.415367	-0.409895	-0.298526	-0.304370	-0.336841	-0.356550	-0.282617	-0.382138	-0.357894	-0.318655	-0.323614	-0.423254	-0.374077	-0.302849	-0.391955	-0.393057	-0.442919	-0.259844	-0.215318	-0.253227	-0.271462	-0.255050	-0.274826	-0.330779	-0.308524	-0.333980	-0.335529	-0.355645	-0.247844	-0.271968	-0.356741	-0.333333	
-0.206301	-0.234689	-0.241602	-0.248658	-0.179921	0.000000	0.598388	0.745515	0.750344	0.745504	-0.309141	-0.297220	-0.312553	-0.281927	-0.263544	-0.249076	-0.228874	-0.279082	-0.298678	-0.299190	-0.385066	-0.364779	-0.374983	-0.403506	-0.334425	-0.251600	-0.200938	-0.189300	-0.204001	-0.252546	-0.228364	-0.197943	-0.239914	-0.262034	-0.272808	-0.344218	-0.283653	-0.335628	-0.340247	-0.322273	-0.389232	-0.404240	-0.437786	-0.441571	-0.421678	-0.255188	-0.176802	-0.190865	-0.250048	-0.231469	
-0.165585	-0.196305	-0.193745	-0.204030	-0.146835	0.598388	0.000000	0.648702	0.671551	0.669084	-0.245202	-0.241405	-0.249687	-0.227783	-0.211547	-0.196972	-0.186080	-0.214912	-0.236593	-0.238208	-0.340658	-0.323203	-0.335118	-0.350139	-0.288969	-0.207117	-0.157877	-0.152882	-0.161047	-0.201923	-0.190900	-0.171257	-0.199651	-0.221532	-0.226567	-0.259219	-0.223215	-0.257948	-0.262873	-0.253658	-0.318602	-0.330272	-0.359318	-0.369500	-0.350544	-0.205717	-0.142636	-0.155163	-0.206280	-0.187450	
-0.263058	-0.303935	-0.306415	-0.310560	-0.226517	0.745515	0.648702	0.000000	0.843336	0.825001	-0.371831	-0.361674	-0.377877	-0.344631	-0.321375	-0.301929	-0.280159	-0.342142	-0.367303	-0.368491	-0.471256	-0.466057	-0.474411	-0.508171	-0.415866	-0.316373	-0.254482	-0.235541	-0.257431	-0.318001	-0.284751	-0.245149	-0.301003	-0.319135	-0.343967	-0.397983	-0.325626	-0.386684	-0.398810	-0.382043	-0.439763	-0.467523	-0.501541	-0.521769	-0.486953	-0.316326	-0.218169	-0.229818	-0.308547	-0.280152	
-0.273432	-0.320248	-0.323520	-0.325586	-0.242161	0.750344	0.671551	0.843336	0.000000	0.849616	-0.392191	-0.380479	-0.395562	-0.359770	-0.337495	-0.324981	-0.304245	-0.365116	-0.394431	-0.396778	-0.474285	-0.470890	-0.479395	-0.521929	-0.428430	-0.327369	-0.261941	-0.242950	-0.263351	-0.330879	-0.299331	-0.255475	-0.315326	-0.339198	-0.360095	-0.438658	-0.366220	-0.431390	-0.441422	-0.422272	-0.452388	-0.484136	-0.522417	-0.541288	-0.516645	-0.341369	-0.238480	-0.251033	-0.332864	-0.309603	
-0.270421	-0.310159	-0.316398	-0.319113	-0.238984	0.745504	0.669084	0.825001	0.849616	0.000000	-0.382614	-0.368033	-0.378241	-0.351956	-0.325374	-0.316568	-0.299292	-0.363861	-0.386587	-0.383073	-0.473884	-0.464595	-0.467729	-0.511239	-0.421843	-0.308589	-0.253672	-0.236607	-0.251957	-0.313935	-0.283088	-0.240307	-0.295698	-0.321495	-0.337786	-0.423007	-0.356136	-0.417884	-0.424826	-0.400244	-0.458694	-0.481810	-0.512577	-0.528213	-0.504006	-0.334460	-0.231470	-0.248445	-0.326331	-0.301850	
-0.485849	-0.538495	-0.529810	-0.524003	-0.420984	-0.309141	-0.245202	-0.371831	-0.392191	-0.382614	0.000000	0.843892	0.854480	0.792552	0.760963	-0.449357	-0.397496	-0.506163	-0.558549	-0.548896	-0.458606	-0.455749	-0.484596	-0.504037	-0.403683	-0.468863	-0.409829	-0.369655	-0.371215	-0.508041	-0.432063	-0.344196	-0.466039	-0.471396	-0.505779	-0.403900	-0.336540	-0.380023	-0.413025	-0.383349	-0.415076	-0.480037	-0.466798	-0.497659	-0.494775	-0.427527	-0.286811	-0.326174	-0.411620	-0.389656	
-0.482934	-0.533566	-0.528895	-0.516364	-0.420329	-0.297220	-0.241405	-0.361674	-0.380479	-0.368033	0.843892	0.000000	0.846040	0.779671	0.743306	-0.430826	-0.384028	-0.487437	-0.539452	-0.536328	-0.441321	-0.435482	-0.462552	-0.479402	-0.387828	-0.449364	-0.395775	-0.355474	-0.363407	-0.496209	-0.420804	-0.330750	-0.447031	-0.449222	-0.490616	-0.393158	-0.331955	-0.374981	-0.404792	-0.381153	-0.401670	-0.472754	-0.457354	-0.489358	-0.484482	-0.418659	-0.282516	-0.330347	-0.406921	-0.389532	
-0.492932	-0.540803	-0.529924	-0.521152	-0.426689	-0.312553	-0.249687	-0.377877	-0.395562	-0.378241	0.854480	0.846040	0.000000	0.796353	0.763706	-0.441692	-0.398397	-0.498802	-0.552697	-0.546443	-0.461073	-0.452207	-0.481264	-0.500883	-0.403129	-0.440909	-0.388719	-0.347534	-0.351537	-0.490090	-0.427952	-0.344020	-0.458529	-0.461648	-0.504626	-0.409866	-0.343322	-0.390645	-0.425658	-0.397558	-0.405878	-0.472327	-0.470991	-0.494635	-0.489556	-0.425089	-0.289519	-0.331499	-0.410156	-0.394344	
-0.451898	-0.494477	-0.481784	-0.475638	-0.396403	-0.281927	-0.227783	-0.344631	-0.359770	-0.351956	0.792552	0.779671	0.796353	0.000000	0.711446	-0.428526	-0.374275	-0.480347	-0.527097	-0.524792	-0.425227	-0.425438	-0.446212	-0.467263	-0.382255	-0.429065	-0.384084	-0.343662	-0.358545	-0.475580	-0.380264	-0.308297	-0.408094	-0.420059	-0.455034	-0.370497	-0.309601	-0.351163	-0.387065	-0.354221	-0.385205	-0.444385	-0.426382	-0.459879	-0.457619	-0.401429	-0.268137	-0.313468	-0.376498	-0.367922	
-0.436804	-0.470609	-0.468068	-0.459763	-0.390542	-0.263544	-0.211547	-0.321375	-0.337495	-0.325374	0.760963	0.743306	0.763706	0.711446	0.000000	-0.402948	-0.357707	-0.440658	-0.495704	-0.486314	-0.391297	-0.387525	-0.406462	-0.423047	-0.345799	-0.403476	-0.351855	-0.308504	-0.320837	-0.440736	-0.388414	-0.307037	-0.419469	-0.420022	-0.455415	-0.345762	-0.290599	-0.331017	-0.357062	-0.333922	-0.362718	-0.415833	-0.409107	-0.436462	-0.433601	-0.369884	-0.253563	-0.286823	-0.357704	-0.337956	
-0.365391	-0.395562	-0.412208	-0.391817	-0.328433	-0.249076	-0.196972	-0.301929	-0.324981	-0.316568	-0.449357	-0.430826	-0.441692	-0.428526	-0.402948	0.000000	0.569118	0.666622	0.730535	0.720105	-0.345872	-0.357653	-0.368830	-0.406022	-0.332023	-0.438328	-0.395123	-0.356596	-0.379395	-0.468461	-0.306710	-0.257841	-0.350188	-0.343151	-0.388520	-0.389912	-0.321611	-0.378381	-0.398693	-0.367998	-0.339243	-0.410661	-0.401593	-0.407163	-0.428016	-0.403064	-0.275666	-0.312866	-0.385547	-0.349770	
-0.322369	-0.345912	-0.361488	-0.341304	-0.292622	-0.228874	-0.186080	-0.280159	-0.304245	-0.299292	-0.397496	-0.384028	-0.398397	-0.374275	-0.357707	0.569118	0.000000	0.616731	0.659212	0.657221	-0.318378	-0.326749	-0.334774	-0.356447	-0.296085	-0.381280	-0.337296	-0.293184	-0.322458	-0.390692	-0.278060	-0.241356	-0.309513	-0.315233	-0.345172	-0.359958	-0.299899	-0.362453	-0.376116	-0.345412	-0.322876	-0.401740	-0.385127	-0.392332	-0.402941	-0.370159	-0.258653	-0.285670	-0.365104	-0.335943	
-0.431418	-0.453119	-0.476033	-0.444024	-0.378442	-0.279082	-0.214912	-0.342142	-0.365116	-0.363861	-0.506163	-0.487437	-0.498802	-0.480347	-0.440658	0.666622	0.616731	0.000000	0.796399	0.793410	-0.390465	-0.403518	-0.417751	-0.450995	-0.363991	-0.478973	-0.429974	-0.398383	-0.414651	-0.512531	-0.340042	-0.281120	-0.378567	-0.377629	-0.413038	-0.466660	-0.380190	-0.456002	-0.479749	-0.439538	-0.376173	-0.447080	-0.437220	-0.452267	-0.475171	-0.474449	-0.320518	-0.355972	-0.447864	-0.406288	
-0.468700	-0.510917	-0.527045	-0.500917	-0.415367	-0.298678	-0.236593	-0.367303	-0.394431	-0.386587	-0.558549	-0.539452	-0.552697	-0.527097	-0.495704	0.730535	0.659212	0.796399	0.000000	0.853737	-0.432642	-0.458863	-0.458501	-0.504324	-0.400562	-0.527643	-0.483006	-0.426769	-0.450444	-0.564681	-0.377340	-0.312845	-0.430445	-0.429655	-0.466843	-0.499993	-0.424388	-0.484505	-0.520395	-0.477598	-0.417809	-0.511909	-0.493625	-0.504212	-0.528570	-0.513337	-0.352059	-0.389824	-0.500763	-0.454706	
-0.463944	-0.510785	-0.525356	-0.493162	-0.409895	-0.299190	-0.238208	-0.368491	-0.396778	-0.383073	-0.548896	-0.536328	-0.546443	-0.524792	-0.486314	0.720105	0.657221	0.793410	0.853737	0.000000	-0.440092	-0.456985	-0.470317	-0.516743	-0.424081	-0.524452	-0.484116	-0.427823	-0.462167	-0.568012	-0.370764	-0.312072	-0.426704	-0.419351	-0.463852	-0.517977	-0.433502	-0.503647	-0.535166	-0.494009	-0.422561	-0.503538	-0.493724	-0.507295	-0.527912	-0.530441	-0.360634	-0.405657	-0.517167	-0.466949	
-0.349391	-0.404110	-0.392988	-0.380022	-0.298526	-0.385066	-0.340658	-0.471256	-0.474285	-0.473884	-0.458606	-0.441321	-0.461073	-0.425227	-0.391297	-0.345872	-0.318378	-0.390465	-0.432642	-0.440092	0.000000	0.735120	0.722219	0.769453	0.663943	-0.429934	-0.373887	-0.317871	-0.349825	-0.435269	-0.323838	-0.282964	-0.358949	-0.377788	-0.392522	-0.471362	-0.402426	-0.458157	-0.471751	-0.459722	-0.441180	-0.491178	-0.484541	-0.513290	-0.503962	-0.457577	-0.333905	-0.366844	-0.442833	-0.425516	
-0.365180	-0.422800	-0.413059	-0.400712	-0.304370	-0.364779	-0.323203	-0.466057	-0.470890	-0.464595	-0.455749	-0.435482	-0.452207	-0.425438	-0.387525	-0.357653	-0.326749	-0.403518	-0.458863	-0.456985	0.735120	0.000000	0.736447	0.804586	0.693745	-0.442770	-0.384263	-0.325601	-0.356432	-0.447145	-0.335240	-0.281389	-0.362851	-0.380332	-0.396952	-0.521954	-0.452272	-0.500254	-0.525357	-0.505119	-0.419896	-0.480753	-0.467045	-0.500364	-0.490263	-0.505846	-0.364981	-0.414853	-0.505635	-0.488276	
-0.409009	-0.460938	-0.451034	-0.428391	-0.336841	-0.374983	-0.335118	-0.474411	-0.479395	-0.467729	-0.484596	-0.462552	-0.481264	-0.446212	-0.406462	-0.368830	-0.334774	-0.417751	-0.458501	-0.470317	0.722219	0.736447	0.000000	0.795617	0.675523	-0.472628	-0.414799	-0.358335	-0.382592	-0.487999	-0.355495	-0.300446	-0.392775	-0.412961	-0.427189	-0.481529	-0.414214	-0.470854	-0.486748	-0.472801	-0.443029	-0.498696	-0.498461	-0.515046	-0.527393	-0.508342	-0.365579	-0.401552	-0.503706	-0.480301	
-0.420352	-0.488265	-0.472482	-0.458433	-0.356550	-0.403506	-0.350139	-0.508171	-0.521929	-0.511239	-0.504037	-0.479402	-0.500883	-0.467263	-0.423047	-0.406022	-0.356447	-0.450995	-0.504324	-0.516743	0.769453	0.804586	0.795617	0.000000	0.731864	-0.495208	-0.436426	-0.373703	-0.402489	-0.512298	-0.367910	-0.304309	-0.400770	-0.420543	-0.443071	-0.566490	-0.485012	-0.548899	-0.565291	-0.549865	-0.468095	-0.541942	-0.530871	-0.564727	-0.555568	-0.544577	-0.394476	-0.436374	-0.552643	-0.525331	
-0.331244	-0.379205	-0.372872	-0.352745	-0.282617	-0.334425	-0.288969	-0.415866	-0.428430	-0.421843	-0.403683	-0.387828	-0.403129	-0.382255	-0.345799	-0.332023	-0.296085	-0.363991	-0.400562	-0.424081	0.663943	0.693745	0.675523	0.731864	0.000000	-0.396831	-0.348698	-0.305981	-0.327463	-0.413357	-0.283665	-0.239035	-0.317105	-0.332587	-0.344173	-0.506644	-0.432874	-0.497357	-0.508395	-0.478039	-0.393073	-0.453407	-0.441199	-0.474593	-0.463663	-0.472415	-0.342336	-0.375841	-0.459671	-0.448728	
-0.440430	-0.487611	-0.484212	-0.465670	-0.382138	-0.251600	-0.207117	-0.316373	-0.327369	-0.308589	-0.468863	-0.449364	-0.440909	-0.429065	-0.403476	-0.438328	-0.381280	-0.478973	-0.527643	-0.524452	-0.429934	-0.442770	-0.472628	-0.495208	-0.396831	0.000000	0.707889	0.630606	0.649167	0.797773	-0.336707	-0.285118	-0.388331	-0.392134	-0.406246	-0.358931	-0.299224	-0.349889	-0.365723	-0.349413	-0.432061	-0.481425	-0.456295	-0.480024	-0.510467	-0.461567	-0.320348	-0.343767	-0.436975	-0.428071	
-0.412117	-0.462336	-0.459854	-0.435622	-0.357894	-0.200938	-0.157877	-0.254482	-0.261941	-0.253672	-0.409829	-0.395775	-0.388719	-0.384084	-0.351855	-0.395123	-0.337296	-0.429974	-0.483006	-0.484116	-0.373887	-0.384263	-0.414799	-0.436426	-0.348698	0.707889	0.000000	0.585979	0.629984	0.751404	-0.298216	-0.259249	-0.349247	-0.351867	-0.357820	-0.318710	-0.269688	-0.309511	-0.326773	-0.311222	-0.385072	-0.441488	-0.410294	-0.435721	-0.472699	-0.432325	-0.296937	-0.320866	-0.408452	-0.390062	
-0.366005	-0.400065	-0.400686	-0.380776	-0.318655	-0.189300	-0.152882	-0.235541	-0.242950	-0.236607	-0.369655	-0.355474	-0.347534	-0.343662	-0.308504	-0.356596	-0.293184	-0.398383	-0.426769	-0.427823	-0.317871	-0.325601	-0.358335	-0.373703	-0.305981	0.630606	0.585979	0.000000	0.554196	0.662626	-0.258340	-0.232169	-0.300793	-0.312649	-0.320876	-0.273560	-0.231471	-0.271227	-0.282883	-0.266136	-0.326775	-0.380439	-0.350901	-0.369981	-0.400546	-0.333933	-0.230017	-0.254781	-0.321612	-0.311360	
-0.369682	-0.405394	-0.413299	-0.389545	-0.323614	-0.204001	-0.161047	-0.257431	-0.263351	-0.251957	-0.371215	-0.363407	-0.351537	-0.358545	-0.320837	-0.379395	-0.322458	-0.414651	-0.450444	-0.462167	-0.349825	-0.356432	-0.382592	-0.402489	-0.327463	0.649167	0.629984	0.554196	0.000000	0.675814	-0.274252	-0.238799	-0.320087	-0.320143	-0.333550	-0.298753	-0.252373	-0.290998	-0.304126	-0.285634	-0.357665	-0.412151	-0.385929	-0.404326	-0.430215	-0.390569	-0.265797	-0.295570	-0.366520	-0.357425	
-0.487294	-0.531368	-0.532559	-0.505478	-0.423254	-0.252546	-0.201923	-0.318001	-0.330879	-0.313935	-0.508041	-0.496209	-0.490090	-0.475580	-0.440736	-0.468461	-0.390692	-0.512531	-0.564681	-0.568012	-0.435269	-0.447145	-0.487999	-0.512298	-0.413357	0.797773	0.751404	0.662626	0.675814	0.000000	-0.368590	-0.305802	-0.419602	-0.425514	-0.439268	-0.376715	-0.315166	-0.368100	-0.385109	-0.364055	-0.457991	-0.521370	-0.489485	-0.513847	-0.548298	-0.474631	-0.325009	-0.351788	-0.454494	-0.431433	
-0.431280	-0.466798	-0.471031	-0.444495	-0.374077	-0.228364	-0.190900	-0.284751	-0.299331	-0.283088	-0.432063	-0.420804	-0.427952	-0.380264	-0.388414	-0.306710	-0.278060	-0.340042	-0.377340	-0.370764	-0.323838	-0.335240	-0.355495	-0.367910	-0.283665	-0.336707	-0.298216	-0.258340	-0.274252	-0.368590	0.000000	0.589376	0.738750	0.734853	0.767193	-0.256264	-0.203336	-0.240098	-0.263706	-0.251936	-0.289120	-0.331382	-0.328058	-0.344280	-0.349179	-0.315365	-0.214235	-0.238742	-0.310353	-0.302392	
-0.347201	-0.369293	-0.369826	-0.351038	-0.302849	-0.197943	-0.171257	-0.245149	-0.255475	-0.240307	-0.344196	-0.330750	-0.344020	-0.308297	-0.307037	-0.257841	-0.241356	-0.281120	-0.312845	-0.312072	-0.282964	-0.281389	-0.300446	-0.304309	-0.239035	-0.285118	-0.259249	-0.232169	-0.238799	-0.305802	0.589376	0.000000	0.644849	0.641898	0.672142	-0.215195	-0.172600	-0.201486	-0.221351	-0.209315	-0.251291	-0.282762	-0.274725	-0.298315	-0.296873	-0.253436	-0.176439	-0.194485	-0.257392	-0.243867	
-0.448235	-0.489430	-0.488100	-0.471768	-0.391955	-0.239914	-0.199651	-0.301003	-0.315326	-0.295698	-0.466039	-0.447031	-0.458529	-0.408094	-0.419469	-0.350188	-0.309513	-0.378567	-0.430445	-0.426704	-0.358949	-0.362851	-0.392775	-0.400770	-0.317105	-0.388331	-0.349247	-0.300793	-0.320087	-0.419602	0.738750	0.644849	0.000000	0.794976	0.825801	-0.287971	-0.230747	-0.271688	-0.299255	-0.285652	-0.315246	-0.361257	-0.357085	-0.381332	-0.387132	-0.352225	-0.234450	-0.263875	-0.353833	-0.337402	
-0.458010	-0.497214	-0.497159	-0.478304	-0.393057	-0.262034	-0.221532	-0.319135	-0.339198	-0.321495	-0.471396	-0.449222	-0.461648	-0.420059	-0.420022	-0.343151	-0.315233	-0.377629	-0.429655	-0.419351	-0.377788	-0.380332	-0.412961	-0.420543	-0.332587	-0.392134	-0.351867	-0.312649	-0.320143	-0.425514	0.734853	0.641898	0.794976	0.000000	0.818852	-0.296515	-0.240524	-0.282270	-0.308385	-0.292849	-0.349692	-0.397578	-0.390008	-0.412534	-0.415134	-0.355271	-0.244857	-0.264593	-0.362758	-0.344096	
-0.497125	-0.542908	-0.534156	-0.523343	-0.442919	-0.272808	-0.226567	-0.343967	-0.360095	-0.337786	-0.505779	-0.490616	-0.504626	-0.455034	-0.455415	-0.388520	-0.345172	-0.413038	-0.466843	-0.463852	-0.392522	-0.396952	-0.427189	-0.443071	-0.344173	-0.406246	-0.357820	-0.320876	-0.333550	-0.439268	0.767193	0.672142	0.825801	0.818852	0.000000	-0.321834	-0.255624	-0.301517	-0.328876	-0.312860	-0.348258	-0.400783	-0.396011	-0.425082	-0.425107	-0.378382	-0.262953	-0.293152	-0.390110	-0.360025	
-0.309934	-0.344413	-0.359361	-0.335099	-0.259844	-0.344218	-0.259219	-0.397983	-0.438658	-0.423007	-0.403900	-0.393158	-0.409866	-0.370497	-0.345762	-0.389912	-0.359958	-0.466660	-0.499993	-0.517977	-0.471362	-0.521954	-0.481529	-0.566490	-0.506644	-0.358931	-0.318710	-0.273560	-0.298753	-0.376715	-0.256264	-0.215195	-0.287971	-0.296515	-0.321834	0.000000	0.754311	0.866274	0.869515	0.830367	-0.394250	-0.459910	-0.465727	-0.478049	-0.490703	-0.558729	-0.378345	-0.444406	-0.538362	-0.512194	
-0.260415	-0.284238	-0.297367	-0.282231	-0.215318	-0.283653	-0.223215	-0.325626	-0.366220	-0.356136	-0.336540	-0.331955	-0.343322	-0.309601	-0.290599	-0.321611	-0.299899	-0.380190	-0.424388	-0.433502	-0.402426	-0.452272	-0.414214	-0.485012	-0.432874	-0.299224	-0.269688	-0.231471	-0.252373	-0.315166	-0.203336	-0.172600	-0.230747	-0.240524	-0.255624	0.754311	0.000000	0.770345	0.755171	0.737635	-0.343455	-0.385530	-0.393348	-0.405026	-0.412220	-0.473048	-0.321358	-0.378569	-0.460948	-0.438300	
-0.294105	-0.328459	-0.343061	-0.323359	-0.253227	-0.335628	-0.257948	-0.386684	-0.431390	-0.417884	-0.380023	-0.374981	-0.390645	-0.351163	-0.331017	-0.378381	-0.362453	-0.456002	-0.484505	-0.503647	-0.458157	-0.500254	-0.470854	-0.548899	-0.497357	-0.349889	-0.309511	-0.271227	-0.290998	-0.368100	-0.240098	-0.201486	-0.271688	-0.282270	-0.301517	0.866274	0.770345	0.000000	0.864463	0.836934	-0.390370	-0.456474	-0.459766	-0.467953	-0.483401	-0.533903	-0.366076	-0.423237	-0.520670	-0.496210	
-0.318711	-0.355206	-0.372411	-0.351710	-0.271462	-0.340247	-0.262873	-0.398810	-0.441422	-0.424826	-0.413025	-0.404792	-0.425658	-0.387065	-0.357062	-0.398693	-0.376116	-0.479749	-0.520395	-0.535166	-0.471751	-0.525357	-0.486748	-0.565291	-0.508395	-0.365723	-0.326773	-0.282883	-0.304126	-0.385109	-0.263706	-0.221351	-0.299255	-0.308385	-0.328876	0.869515	0.755171	0.864463	0.000000	0.834713	-0.392182	-0.460580	-0.464387	-0.477318	-0.491415	-0.566689	-0.379329	-0.442059	-0.543518	-0.530829	
-0.296183	-0.336711	-0.348535	-0.331802	-0.255050	-0.322273	-0.253658	-0.382043	-0.422272	-0.400244	-0.383349	-0.381153	-0.397558	-0.354221	-0.333922	-0.367998	-0.345412	-0.439538	-0.477598	-0.494009	-0.459722	-0.505119	-0.472801	-0.549865	-0.478039	-0.349413	-0.311222	-0.266136	-0.285634	-0.364055	-0.251936	-0.209315	-0.285652	-0.292849	-0.312860	0.830367	0.737635	0.836934	0.834713	0.000000	-0.379002	-0.443082	-0.451496	-0.460821	-0.473349	-0.538691	-0.362115	-0.420390	-0.520965	-0.495541	
-0.301847	-0.357054	-0.350463	-0.339063	-0.274826	-0.389232	-0.318602	-0.439763	-0.452388	-0.458694	-0.415076	-0.401670	-0.405878	-0.385205	-0.362718	-0.339243	-0.322876	-0.376173	-0.417809	-0.422561	-0.441180	-0.419896	-0.443029	-0.468095	-0.393073	-0.432061	-0.385072	-0.326775	-0.357665	-0.457991	-0.289120	-0.251291	-0.315246	-0.349692	-0.348258	-0.394250	-0.343455	-0.390370	-0.392182	-0.379002	0.000000	0.720218	0.731980	0.748080	0.738226	-0.398898	-0.279747	-0.288668	-0.385798	-0.358364	
-0.373628	-0.427890	-0.417671	-0.409335	-0.330779	-0.404240	-0.330272	-0.467523	-0.484136	-0.481810	-0.480037	-0.472754	-0.472327	-0.444385	-0.415833	-0.410661	-0.401740	-0.447080	-0.511909	-0.503538	-0.491178	-0.480753	-0.498696	-0.541942	-0.453407	-0.481425	-0.441488	-0.380439	-0.412151	-0.521370	-0.331382	-0.282762	-0.361257	-0.397578	-0.400783	-0.459910	-0.385530	-0.456474	-0.460580	-0.443082	0.720218	0.000000	0.803951	0.817293	0.804554	-0.466304	-0.331562	-0.343075	-0.467028	-0.420629	
-0.344282	-0.400661	-0.396274	-0.389803	-0.308524	-0.437786	-0.359318	-0.501541	-0.522417	-0.512577	-0.466798	-0.457354	-0.470991	-0.426382	-0.409107	-0.401593	-0.385127	-0.437220	-0.493625	-0.493724	-0.484541	-0.467045	-0.498461	-0.530871	-0.441199	-0.456295	-0.410294	-0.350901	-0.385929	-0.489485	-0.328058	-0.274725	-0.357085	-0.390008	-0.396011	-0.465727	-0.393348	-0.459766	-0.464387	-0.451496	0.731980	0.803951	0.000000	0.829744	0.808821	-0.461795	-0.328178	-0.336245	-0.450687	-0.419115	
-0.379251	-0.433985	-0.433259	-0.421505	-0.333980	-0.441571	-0.369500	-0.521769	-0.541288	-0.528213	-0.497659	-0.489358	-0.494635	-0.459879	-0.436462	-0.407163	-0.392332	-0.452267	-0.504212	-0.507295	-0.513290	-0.500364	-0.515046	-0.564727	-0.474593	-0.480024	-0.435721	-0.369981	-0.404326	-0.513847	-0.344280	-0.298315	-0.381332	-0.412534	-0.425082	-0.478049	-0.405026	-0.467953	-0.477318	-0.460821	0.748080	0.817293	0.829744	0.000000	0.827134	-0.497742	-0.349369	-0.355988	-0.479982	-0.447227	
-0.377214	-0.436875	-0.435176	-0.420071	-0.335529	-0.421678	-0.350544	-0.486953	-0.516645	-0.504006	-0.494775	-0.484482	-0.489556	-0.457619	-0.433601	-0.428016	-0.402941	-0.475171	-0.528570	-0.527912	-0.503962	-0.490263	-0.527393	-0.555568	-0.463663	-0.510467	-0.472699	-0.400546	-0.430215	-0.548298	-0.349179	-0.296873	-0.387132	-0.415134	-0.425107	-0.490703	-0.412220	-0.483401	-0.491415	-0.473349	0.738226	0.804554	0.808821	0.827134	0.000000	-0.506642	-0.353145	-0.371140	-0.495104	-0.462064	
-0.400298	-0.446329	-0.460539	-0.417328	-0.355645	-0.255188	-0.205717	-0.316326	-0.341369	-0.334460	-0.427527	-0.418659	-0.425089	-0.401429	-0.369884	-0.403064	-0.370159	-0.474449	-0.513337	-0.530441	-0.457577	-0.505846	-0.508342	-0.544577	-0.472415	-0.461567	-0.432325	-0.333933	-0.390569	-0.474631	-0.315365	-0.253436	-0.352225	-0.355271	-0.378382	-0.558729	-0.473048	-0.533903	-0.566689	-0.538691	-0.398898	-0.466304	-0.461795	-0.497742	-0.506642	0.000000	0.596450	0.656310	0.774471	0.759212	
-0.282314	-0.309955	-0.310568	-0.292706	-0.247844	-0.176802	-0.142636	-0.218169	-0.238480	-0.231470	-0.286811	-0.282516	-0.289519	-0.268137	-0.253563	-0.275666	-0.258653	-0.320518	-0.352059	-0.360634	-0.333905	-0.364981	-0.365579	-0.394476	-0.342336	-0.320348	-0.296937	-0.230017	-0.265797	-0.325009	-0.214235	-0.176439	-0.234450	-0.244857	-0.262953	-0.378345	-0.321358	-0.366076	-0.379329	-0.362115	-0.279747	-0.331562	-0.328178	-0.349369	-0.353145	0.596450	0.000000	0.483386	0.573007	0.570216	
-0.312912	-0.348152	-0.352600	-0.325752	-0.271968	-0.190865	-0.155163	-0.229818	-0.251033	-0.248445	-0.326174	-0.330347	-0.331499	-0.313468	-0.286823	-0.312866	-0.285670	-0.355972	-0.389824	-0.405657	-0.366844	-0.414853	-0.401552	-0.436374	-0.375841	-0.343767	-0.320866	-0.254781	-0.295570	-0.351788	-0.238742	-0.194485	-0.263875	-0.264593	-0.293152	-0.444406	-0.378569	-0.423237	-0.442059	-0.420390	-0.288668	-0.343075	-0.336245	-0.355988	-0.371140	0.656310	0.483386	0.000000	0.645912	0.633196	
-0.410318	-0.454412	-0.459831	-0.430699	-0.356741	-0.250048	-0.206280	-0.308547	-0.332864	-0.326331	-0.411620	-0.406921	-0.410156	-0.376498	-0.357704	-0.385547	-0.365104	-0.447864	-0.500763	-0.517167	-0.442833	-0.505635	-0.503706	-0.552643	-0.459671	-0.436975	-0.408452	-0.321612	-0.366520	-0.454494	-0.310353	-0.257392	-0.353833	-0.362758	-0.390110	-0.538362	-0.460948	-0.520670	-0.543518	-0.520965	-0.385798	-0.467028	-0.450687	-0.479982	-0.495104	0.774471	0.573007	0.645912	0.000000	0.734817	
-0.376256	-0.426434	-0.430574	-0.391406	-0.333333	-0.231469	-0.187450	-0.280152	-0.309603	-0.301850	-0.389656	-0.389532	-0.394344	-0.367922	-0.337956	-0.349770	-0.335943	-0.406288	-0.454706	-0.466949	-0.425516	-0.488276	-0.480301	-0.525331	-0.448728	-0.428071	-0.390062	-0.311360	-0.357425	-0.431433	-0.302392	-0.243867	-0.337402	-0.344096	-0.360025	-0.512194	-0.438300	-0.496210	-0.530829	-0.495541	-0.358364	-0.420629	-0.419115	-0.447227	-0.462064	0.759212	0.570216	0.633196	0.734817	0.000000	

GE_J : 
0.000000	-47.821839	-47.515867	-54.011615	-72.268202	83.361109	76.228288	89.928372	90.767367	90.534377	89.782674	89.987995	89.265193	91.889172	92.618750	94.174977	93.424792	92.846997	90.925382	91.214065	94.056157	94.174594	93.609342	93.261679	93.693819	92.455495	93.522001	94.175913	94.176008	89.679291	92.852630	94.025489	92.078242	91.556762	88.946527	92.942176	89.698021	92.142350	93.295774	92.259531	92.560081	94.165697	93.979112	94.132600	94.147072	93.821751	91.405448	93.069222	93.573271	94.152907	
-47.821839	0.000000	-36.433430	-41.267637	-66.200203	87.086118	81.817953	92.664022	93.351298	92.952041	85.328916	85.803885	85.102565	89.148835	90.806025	93.916945	94.005793	91.824428	87.834961	87.846074	93.734713	93.176301	91.390143	89.609138	94.132959	89.656437	91.308882	93.826784	93.703302	86.011966	91.042314	94.176443	89.524325	88.939680	84.893821	93.981330	91.534188	93.616035	94.120597	93.829148	94.135955	92.987184	93.813856	92.740348	92.615616	92.173580	92.943106	94.039241	91.755013	93.042852	
-47.515867	-36.433430	0.000000	-42.273370	-66.702954	87.855826	81.401972	92.782642	93.463179	93.208682	86.158008	86.243307	86.147384	90.067770	90.964480	93.519342	94.162840	90.456072	86.414378	86.569149	93.962616	93.494338	91.934427	90.687002	94.168504	89.898576	91.452394	93.813328	93.487197	85.899490	90.779392	94.175821	89.621070	88.943960	85.747685	94.151694	92.324664	93.957824	94.170022	94.044595	94.069890	93.351016	93.903559	92.770879	92.689513	91.413142	92.969834	94.094762	91.453702	92.881205	
-54.011615	-41.267637	-42.273370	0.000000	-70.995205	88.589203	83.021581	92.969479	93.529436	93.310489	86.692118	87.369594	86.948307	90.482143	91.457552	93.981958	93.925270	92.286114	88.650586	89.247957	94.126395	93.812740	92.967737	91.532985	94.096326	91.110773	92.670301	94.119933	94.016933	88.284826	92.263381	94.076909	90.732614	90.304892	86.751734	93.791628	91.399807	93.457871	94.084809	93.708682	93.880357	93.600454	94.013129	93.221916	93.271243	93.362112	92.061327	93.534605	92.876160	93.988532	
-72.268202	-66.200203	-66.702954	-70.995205	0.000000	79.003447	72.113941	86.108941	87.915831	87.570382	93.239987	93.262461	93.033197	93.901100	94.002003	93.615271	92.056435	94.138683	93.424235	93.585038	92.387224	92.685181	93.832081	94.132009	91.425900	94.107295	94.142127	93.293717	93.466245	93.160078	94.163848	92.610432	93.979724	93.961448	92.339018	89.647322	84.646536	89.036677	90.615872	89.209286	90.872330	93.681260	92.879488	93.764405	93.801841	94.124473	88.507236	90.655107	94.133525	93.748250	
83.361109	87.086118	87.855826	88.589203	79.003447	0.000000	-78.664124	-56.049393	-55.172178	-56.051411	92.907118	92.316645	93.054261	91.379145	89.969931	88.631031	86.398431	91.181633	92.395336	92.422541	94.075929	94.173782	94.159689	93.749115	93.775361	88.879720	82.549017	80.659206	83.017316	88.971332	86.336317	82.079521	87.672621	89.839925	90.719720	93.978025	91.495365	93.804168	93.904557	93.421529	94.021481	93.731588	92.575300	92.402533	93.215899	89.222211	78.425466	80.923738	88.727603	86.709903	
76.228288	81.817953	81.401972	83.021581	72.113941	-78.664124	0.000000	-71.871151	-68.451455	-68.830283	88.236500	87.834615	88.691880	86.265243	84.120944	81.924972	80.104508	84.590776	87.303234	87.484372	93.912715	93.452687	93.792077	94.065831	91.836536	83.481548	74.606350	73.504275	75.284919	82.700852	80.929606	77.362728	82.348638	85.475884	86.115176	89.591505	85.692782	89.476802	89.912465	89.077753	93.291763	93.667351	94.151433	94.176224	94.070888	83.274460	71.111098	74.012685	83.358006	80.342209	
89.928372	92.664022	92.782642	92.969479	86.108941	-56.049393	-71.871151	0.000000	-36.786104	-40.628762	94.171723	94.163664	94.142668	93.984993	93.390797	92.564263	91.257249	93.941079	94.177021	94.177007	90.765129	91.087353	90.562426	88.063997	93.408670	93.207693	89.155807	87.183748	89.429678	93.269512	91.567910	88.231012	92.517052	93.311291	93.973727	93.870084	93.530701	94.056140	93.853210	94.108216	92.486080	90.997995	88.601182	86.893228	89.703797	93.205891	85.032780	86.512564	92.880545	91.256757	
90.767367	93.351298	93.463179	93.529436	87.915831	-55.172178	-68.451455	-36.786104	0.000000	-35.446499	93.975870	94.122518	93.916955	94.154083	93.846680	93.510365	92.679108	94.174472	93.937545	93.893887	90.570614	90.788286	90.231209	86.878863	92.966208	93.583933	89.831848	87.999948	89.953428	93.683979	92.429981	89.249033	93.166850	93.883165	94.155900	92.536228	94.176178	92.848141	92.409508	93.195019	91.863278	89.903895	86.835138	85.054591	87.345111	93.926515	87.514578	88.824470	93.736326	92.927637	
90.534377	92.952041	93.208682	93.310489	87.570382	-56.051411	-68.830283	-40.628762	-35.446499	0.000000	94.102581	94.177129	94.140125	94.087612	93.522790	93.215207	92.427920	94.171497	94.057384	94.097899	90.596657	91.175280	90.985364	87.807842	93.210113	92.882428	89.079108	87.304849	88.914404	93.111165	91.457597	87.715576	92.232534	93.394932	93.853066	93.168916	94.128631	93.344082	93.102891	93.822921	91.518285	90.065974	87.694683	86.306565	88.404076	93.776214	86.710117	88.567835	93.552501	92.560279	
89.782674	85.328916	86.158008	86.692118	93.239987	92.907118	88.236500	94.171723	93.975870	94.102581	0.000000	-36.667983	-34.400621	-47.172075	-53.215471	92.021116	93.879824	88.229063	83.278346	84.288866	91.523222	91.682172	89.871530	88.401555	93.744911	90.915278	93.586865	94.176041	94.173278	88.074738	92.820546	93.977645	91.088453	90.756262	88.260339	93.739745	93.825271	94.126385	93.495336	94.095015	93.433251	90.187599	91.042342	88.905343	89.126279	93.001174	91.701082	93.547680	93.536376	94.015301	
89.987995	85.803885	86.243307	87.369594	93.262461	92.316645	87.834615	94.163664	94.122518	94.177129	-36.667983	0.000000	-36.210857	-49.676049	-56.447886	92.871023	94.087705	89.668986	85.235363	85.539187	92.414187	92.676352	91.296216	90.230763	94.041114	92.020772	93.912977	94.122975	94.170148	89.016968	93.246207	93.680467	92.138714	92.028044	89.437337	93.959726	93.712731	94.159704	93.718156	94.116559	93.791482	90.669564	91.593432	89.529586	89.879581	93.318615	91.419102	93.669432	93.664629	94.017113	
89.265193	85.102565	86.147384	86.948307	93.033197	93.054261	88.691880	94.142668	93.916955	94.140125	-34.400621	-36.210857	0.000000	-46.423002	-52.703826	92.396860	93.861693	88.816607	83.896084	84.538711	91.382305	91.872886	90.103649	88.653286	93.757994	92.433341	94.028800	94.030382	94.082804	89.476017	92.984785	93.974645	91.527581	91.349005	88.353983	93.585861	93.962468	94.000417	93.072041	93.878580	93.691204	90.696929	90.781880	89.136897	89.515171	93.093199	91.870416	93.700642	93.577804	93.939092	
91.889172	89.148835	90.067770	90.482143	93.901100	91.379145	86.265243	93.984993	94.154083	94.087612	-47.172075	-49.676049	-46.423002	0.000000	-62.007279	92.962438	94.162986	90.166473	86.409608	86.620513	93.088054	93.080222	92.179403	91.013928	94.106152	92.941319	94.087083	93.968453	94.146559	90.485939	94.124363	92.869262	93.633905	93.271672	91.721243	94.174758	92.927517	94.078406	94.051235	94.111412	94.074295	92.268700	93.044827	91.450971	91.578638	93.796885	90.351976	93.092111	94.151493	94.177136	
92.618750	90.806025	90.964480	91.457552	94.002003	89.969931	84.120944	93.390797	93.846680	93.522790	-53.215471	-56.447886	-52.703826	-62.007279	0.000000	93.762231	94.140793	92.444967	89.055552	89.749537	93.990253	94.045183	93.676390	93.167475	94.004007	93.749824	94.086465	92.878601	93.372049	92.441382	94.033075	92.811617	93.291597	93.272911	91.700448	94.003418	91.936106	93.687708	94.136020	93.762988	94.167824	93.409681	93.606673	92.633720	92.756545	94.175741	89.068677	91.701864	94.140777	93.856772	
94.174977	93.916945	93.519342	93.981958	93.615271	88.631031	81.924972	92.564263	93.510365	93.215207	92.021116	92.871023	92.396860	92.962438	93.762231	0.000000	-82.123124	-69.206184	-58.719204	-60.531756	94.005160	94.140405	94.176823	93.687581	93.714520	92.551074	93.925049	94.132382	94.131471	90.940216	92.796412	89.467078	94.066453	93.959439	94.031603	94.011515	93.398938	94.139123	93.855634	94.177132	93.884105	93.563653	93.793218	93.658360	92.982293	93.759509	90.934666	93.067314	94.070225	94.061109	
93.424792	94.005793	94.162840	93.925270	92.056435	86.398431	80.104508	91.257249	92.679108	92.427920	93.879824	94.087705	93.861693	94.162986	94.140793	-82.123124	0.000000	-76.308464	-70.323223	-70.619804	93.283488	93.565265	93.783823	94.131184	92.254092	94.115403	93.842278	92.089218	93.427776	93.999690	91.108887	87.829266	92.923629	93.163159	93.993919	94.155143	92.459847	94.166840	94.153704	93.997819	93.441821	93.789907	94.075217	93.973557	93.762393	94.175333	89.540674	91.627795	94.174451	93.811530	
92.846997	91.824428	90.456072	92.286114	94.138683	91.181633	84.590776	93.941079	94.174472	94.171497	88.229063	89.668986	88.816607	90.166473	92.444967	-69.206184	-76.308464	0.000000	-46.413796	-47.003429	94.003178	93.748822	93.348388	91.936458	94.171857	90.259782	92.905272	93.861986	93.446336	87.698614	93.900446	91.323850	94.137773	94.144350	93.494969	91.050735	94.124987	91.668282	90.207187	92.496369	94.153381	92.136299	92.600401	91.869710	90.512766	90.559912	93.360823	94.127266	92.096970	93.680835	
90.925382	87.834961	86.414378	88.650586	93.424235	92.395336	87.303234	94.177021	93.937545	94.057384	83.278346	85.235363	83.896084	86.409608	89.055552	-58.719204	-70.323223	-46.413796	0.000000	-34.560763	92.796623	91.508735	91.529140	88.378392	93.816017	86.359279	89.983023	93.030153	91.965128	82.614250	94.146259	93.066407	92.886387	92.917963	91.039576	88.723424	93.118982	89.877895	87.015637	90.352173	93.346514	87.751288	89.213200	88.387403	86.273491	87.630058	94.088777	94.012816	88.662742	91.739079	
91.214065	87.846074	86.569149	89.247957	93.585038	92.422541	87.484372	94.177007	93.893887	94.097899	84.288866	85.539187	84.538711	86.620513	89.749537	-60.531756	-70.619804	-47.003429	-34.560763	0.000000	92.471039	91.613986	90.824419	87.336651	93.130180	86.651361	89.905325	92.989779	91.318726	82.246389	94.174250	93.034124	93.032624	93.295563	91.219550	87.228874	92.760717	88.432951	85.650979	89.184239	93.184813	88.441677	89.205743	88.136258	86.334377	86.099018	94.158749	93.696753	87.299704	91.033119	
94.056157	93.734713	93.962616	94.126395	92.387224	94.075929	93.912715	90.765129	90.570614	90.596657	91.523222	92.414187	91.382305	93.088054	93.990253	94.005160	93.283488	94.003178	92.796623	92.471039	0.000000	-57.910350	-60.167598	-51.623677	-69.612447	92.906874	94.164648	93.264628	94.061814	92.685550	93.473581	91.449316	94.149158	94.143277	93.970407	90.758407	93.774310	91.548536	90.733679	91.459920	92.420754	89.395779	89.875397	87.634035	88.407599	91.581002	93.762553	94.176763	92.343085	93.077337	
94.174594	93.176301	93.494338	93.812740	92.685181	94.173782	93.452687	91.087353	90.788286	91.175280	91.682172	92.676352	91.872886	93.080222	94.045183	94.140405	93.565265	93.748822	91.508735	91.613986	-57.910350	0.000000	-57.674889	-44.784435	-64.939047	92.346060	94.085102	93.529911	94.131062	92.133026	93.794998	91.342365	94.168298	94.123778	93.890512	86.876609	91.869405	88.702839	86.569050	88.314038	93.277197	90.138717	91.027285	88.694231	89.463259	88.254871	94.174207	93.440154	88.272067	89.608314	
93.609342	91.390143	91.934427	92.967737	93.832081	94.159689	93.792077	90.562426	90.231209	90.985364	89.871530	91.296216	90.103649	92.179403	93.676390	94.176823	93.783823	93.348388	91.529140	90.824419	-60.167598	-57.674889	0.000000	-46.568361	-67.836405	90.677625	93.441815	94.145166	94.102802	89.628424	94.123159	92.488299	93.966201	93.497233	93.014153	90.085408	93.459665	90.790586	89.718496	90.666546	92.333791	88.824872	88.843120	87.483499	86.382318	88.049858	94.175291	93.794149	88.428194	90.169601	
93.261679	89.609138	90.687002	91.532985	94.132009	93.749115	94.065831	88.063997	86.878863	87.807842	88.401555	90.230763	88.653286	91.013928	93.167475	93.687581	94.131184	91.936458	88.378392	87.336651	-51.623677	-44.784435	-46.568361	0.000000	-58.485492	89.093365	92.635337	94.165400	93.772848	87.718376	94.177137	92.682229	93.811473	93.255168	92.331780	82.415051	89.842089	84.288503	82.547303	84.189311	90.962782	84.989866	86.058647	82.609247	83.595018	84.726909	93.936742	92.637609	83.901751	86.571415	
93.693819	94.132959	94.168504	94.096326	91.425900	93.775361	91.836536	93.408670	92.966208	93.210113	93.744911	94.041114	93.757994	94.106152	94.004007	93.714520	92.254092	94.171857	93.816017	93.130180	-69.612447	-64.939047	-67.836405	-58.485492	0.000000	93.892857	94.046831	92.762275	93.586748	93.485464	91.496153	87.576040	93.235757	93.729186	93.977256	88.189676	92.786980	88.928630	88.045451	90.322626	93.961167	91.809031	92.419867	90.550523	91.230758	90.691278	93.944674	94.155237	91.462826	92.053255	
92.455495	89.656437	89.898576	91.110773	94.107295	88.879720	83.481548	93.207693	93.583933	92.882428	90.915278	92.020772	92.433341	92.941319	93.749824	92.551074	94.115403	90.259782	86.359279	86.651361	92.906874	92.346060	90.677625	89.093365	93.892857	0.000000	-62.605538	-74.433608	-71.803563	-46.141919	93.829062	91.591923	94.034227	93.976801	93.681901	94.149047	92.424333	94.062641	94.175516	94.056449	92.820640	90.092515	91.652173	90.188507	87.872721	91.353688	93.354817	93.970269	92.611201	92.980172	
93.522001	91.308882	91.452394	92.670301	94.142127	82.549017	74.606350	89.155807	89.831848	89.079108	93.586865	93.912977	94.028800	94.087083	94.086465	93.925049	93.842278	92.905272	89.983023	89.905325	94.164648	94.085102	93.441815	92.635337	94.046831	-62.605538	0.000000	-80.176321	-74.519246	-54.978638	92.370575	89.594208	94.054250	94.086602	94.141605	93.295761	90.476372	92.923545	93.565995	92.998036	94.075858	92.406411	93.573958	92.666005	90.673077	92.809759	92.301178	93.373059	93.624357	94.009263	
94.175913	93.826784	93.813328	94.119933	93.293717	80.659206	73.504275	87.183748	87.999948	87.304849	94.176041	94.122975	94.030382	93.968453	92.878601	94.132382	92.089218	93.861986	93.030153	92.989779	93.264628	93.529911	94.145166	94.165400	92.762275	-74.433608	-80.176321	0.000000	-83.739394	-69.811161	89.512375	86.792680	92.506262	93.058263	93.373405	90.777042	86.710142	90.597541	91.443838	90.188004	93.566046	94.122864	94.075255	94.175603	93.816380	93.763241	86.536567	89.184049	93.398964	93.003914	
94.176008	93.703302	93.487197	94.016933	93.466245	83.017316	75.284919	89.429678	89.953428	88.914404	94.173278	94.170148	94.082804	94.146559	93.372049	94.131471	93.427776	93.446336	91.965128	91.318726	94.061814	94.131062	94.102802	93.772848	93.586748	-71.803563	-74.519246	-83.739394	0.000000	-67.791130	90.829342	87.549967	93.345563	93.347561	93.753693	92.399344	88.954594	91.960099	92.673307	91.625442	94.140491	93.520999	94.065594	93.729501	92.895620	94.001591	90.159852	92.225360	94.176493	94.138742	
89.679291	86.011966	85.899490	88.284826	93.160078	88.971332	82.700852	93.269512	93.683979	93.111165	88.074738	89.016968	89.476017	90.485939	92.441382	90.940216	93.999690	87.698614	82.614250	82.246389	92.685550	92.133026	89.628424	87.718376	93.485464	-46.141919	-54.978638	-69.811161	-67.791130	0.000000	94.176962	92.753803	93.287119	93.077397	92.508660	94.150192	93.160513	94.177120	94.075419	94.172031	91.557845	86.928856	89.520346	87.586453	84.349995	90.548048	93.511267	94.085705	91.750566	92.846383	
92.852630	91.042314	90.779392	92.263381	94.163848	86.336317	80.929606	91.567910	92.429981	91.457597	92.820546	93.246207	92.984785	94.124363	94.033075	92.796412	91.108887	93.900446	94.146259	94.174250	93.473581	93.794998	94.123159	94.177137	91.496153	93.829062	92.370575	89.512375	90.829342	94.176962	0.000000	-79.769000	-57.264711	-57.957575	-52.049738	89.322388	82.916633	87.692782	89.983772	88.912345	91.845865	93.697531	93.604329	93.979069	94.053340	93.168391	84.497382	87.543629	92.960495	92.587583	
94.025489	94.176443	94.175821	94.076909	92.610432	82.079521	77.362728	88.231012	89.249033	87.715576	93.977645	93.680467	93.974645	92.869262	92.811617	89.467078	87.829266	91.323850	93.066407	93.034124	91.449316	91.342365	92.488299	92.682229	87.576040	91.591923	89.594208	86.792680	87.549967	92.753803	-79.769000	0.000000	-72.427669	-72.849937	-68.360244	84.629768	77.624255	82.633596	85.452441	83.801779	88.849609	91.435692	90.864769	92.375924	92.297616	89.056614	78.357151	81.523221	89.426125	88.096957	
92.078242	89.524325	89.621070	90.732614	93.979724	87.672621	82.348638	92.517052	93.166850	92.232534	91.088453	92.138714	91.527581	93.633905	93.291597	94.066453	92.923629	94.137773	92.886387	93.032624	94.149158	94.168298	93.966201	93.811473	93.235757	94.034227	94.054250	92.506262	93.345563	93.287119	-57.264711	-72.427669	0.000000	-46.694949	-40.463143	91.774433	86.624070	90.633455	92.425990	91.626621	93.163667	94.161784	94.136189	94.114920	94.050358	94.090637	87.058587	89.998134	94.107598	93.844621	
91.556762	88.939680	88.943960	90.304892	93.961448	89.839925	85.475884	93.311291	93.883165	93.394932	90.756262	92.028044	91.349005	93.271672	93.272911	93.959439	93.163159	94.144350	92.917963	93.295563	94.143277	94.123778	93.497233	93.255168	93.729186	93.976801	94.086602	93.058263	93.347561	93.077397	-57.957575	-72.849937	-46.694949	0.000000	-41.894214	92.277910	87.739205	91.402457	92.873237	92.069742	94.060096	93.878190	94.010070	93.509823	93.431477	94.121184	88.200627	90.058988	94.167967	93.975946	
88.946527	84.893821	85.747685	86.751734	92.339018	90.719720	86.115176	93.973727	94.155900	93.853066	88.260339	89.437337	88.353983	91.721243	91.700448	94.031603	93.993919	93.494969	91.039576	91.219550	93.970407	93.890512	93.014153	92.331780	93.977256	93.681901	94.141605	93.373405	93.753693	92.508660	-52.049738	-68.360244	-40.463143	-41.894214	0.000000	93.406583	89.262910	92.543341	93.628058	93.067036	94.040735	93.811205	93.908550	93.093436	93.092507	94.139121	89.919322	92.087385	94.008549	94.155517	
92.942176	93.981330	94.151694	93.791628	89.647322	93.978025	89.591505	93.870084	92.536228	93.168916	93.739745	93.959726	93.585861	94.174758	94.003418	94.011515	94.155143	91.050735	88.723424	87.228874	90.758407	86.876609	90.085408	82.415051	88.189676	94.149047	93.295761	90.777042	92.399344	94.150192	89.322388	84.629768	91.774433	92.277910	93.406583	0.000000	-54.445713	-31.835422	-31.123311	-39.514940	93.940754	91.449173	91.107285	90.321958	89.430898	83.259089	94.139382	92.267700	85.341918	87.727220	
89.698021	91.534188	92.324664	91.399807	84.646536	91.495365	85.692782	93.530701	94.176178	94.128631	93.825271	93.712731	93.962468	92.927517	91.936106	93.398938	92.459847	94.124987	93.118982	92.760717	93.774310	91.869405	93.459665	89.842089	92.786980	92.424333	90.476372	86.710142	88.954594	93.160513	82.916633	77.624255	86.624070	87.739205	89.262910	-54.445713	0.000000	-51.455032	-54.287421	-57.463598	93.964828	94.070432	93.956480	93.712420	93.518990	90.650631	93.390209	94.137759	91.389570	92.552298	
92.142350	93.616035	93.957824	93.457871	89.036677	93.804168	89.476802	94.056140	92.848141	93.344082	94.126385	94.159704	94.000417	94.078406	93.687708	94.139123	94.166840	91.668282	89.877895	88.432951	91.548536	88.702839	90.790586	84.288503	88.928630	94.062641	92.923545	90.597541	91.960099	94.177120	87.692782	82.633596	90.633455	91.402457	92.543341	-31.835422	-51.455032	0.000000	-32.232085	-38.139643	94.004616	91.642298	91.457387	90.971548	89.955402	85.771797	94.176004	93.160680	86.991203	89.016836	
93.295774	94.120597	94.170022	94.084809	90.615872	93.904557	89.912465	93.853210	92.409508	93.102891	93.495336	93.718156	93.072041	94.051235	94.136020	93.855634	94.153704	90.207187	87.015637	85.650979	90.733679	86.569050	89.718496	82.547303	88.045451	94.175516	93.565995	91.443838	92.673307	94.075419	89.983772	85.452441	92.425990	92.873237	93.628058	-31.123311	-54.287421	-32.232085	0.000000	-38.606138	93.976019	91.410746	91.187688	90.370841	89.378283	82.393055	94.131993	92.379638	84.832931	86.062647	
92.259531	93.829148	94.044595	93.708682	89.209286	93.421529	89.077753	94.108216	93.195019	93.822921	94.095015	94.116559	93.878580	94.111412	93.762988	94.177132	93.997819	92.496369	90.352173	89.184239	91.459920	88.314038	90.666546	84.189311	90.322626	94.056449	92.998036	90.188004	91.625442	94.172031	88.912345	83.801779	91.626621	92.069742	93.067036	-39.514940	-57.463598	-38.139643	-38.606138	0.000000	94.134521	92.331261	91.910289	91.396861	90.631225	85.309824	94.165513	93.260385	86.965006	89.068041	
92.560081	94.135955	94.069890	93.880357	90.872330	94.021481	93.291763	92.486080	91.863278	91.518285	93.433251	93.791482	93.691204	94.074295	94.167824	93.884105	93.441821	94.153381	93.346514	93.184813	92.420754	93.277197	92.333791	90.962782	93.961167	92.820640	94.075858	93.566046	94.140491	91.557845	91.845865	88.849609	93.163667	94.060096	94.040735	93.940754	93.964828	94.004616	93.976019	94.134521	0.000000	-60.512457	-58.465089	-55.584505	-57.358122	93.851393	91.228457	91.817885	94.067190	94.145361	
94.165697	92.987184	93.351016	93.600454	93.681260	93.731588	93.667351	90.997995	89.903895	90.065974	90.187599	90.669564	90.696929	92.268700	93.409681	93.563653	93.789907	92.136299	87.751288	88.441677	89.395779	90.138717	88.824872	84.989866	91.809031	90.092515	92.406411	94.122864	93.520999	86.928856	93.697531	91.435692	94.161784	93.878190	93.811205	91.449173	94.070432	91.642298	91.410746	92.331261	-60.512457	0.000000	-44.911577	-42.213243	-44.790854	91.072361	93.702326	93.958091	91.028304	93.252206	
93.979112	93.813856	93.903559	94.013129	92.879488	92.575300	94.151433	88.601182	86.835138	87.694683	91.042342	91.593432	90.781880	93.044827	93.606673	93.793218	94.075217	92.600401	89.213200	89.205743	89.875397	91.027285	88.843120	86.058647	92.419867	91.652173	93.573958	94.075255	94.065594	89.520346	93.604329	90.864769	94.136189	94.010070	93.908550	91.107285	93.956480	91.457387	91.187688	91.910289	-58.465089	-44.911577	0.000000	-39.644544	-43.933116	91.340454	93.607833	93.818516	91.952541	93.303428	
94.132600	92.740348	92.770879	93.221916	93.764405	92.402533	94.176224	86.893228	85.054591	86.306565	88.905343	89.529586	89.136897	91.450971	92.633720	93.658360	93.973557	91.869710	88.387403	88.136258	87.634035	88.694231	87.483499	82.609247	90.550523	90.188507	92.666005	94.175603	93.729501	87.586453	93.979069	92.375924	94.114920	93.509823	93.093436	90.321958	93.712420	90.971548	90.370841	91.396861	-55.584505	-42.213243	-39.644544	0.000000	-40.187102	88.898883	94.055871	94.127399	90.191383	92.128937	
94.147072	92.615616	92.689513	93.271243	93.801841	93.215899	94.070888	89.703797	87.345111	88.404076	89.126279	89.879581	89.515171	91.578638	92.756545	92.982293	93.762393	90.512766	86.273491	86.334377	88.407599	89.463259	86.382318	83.595018	91.230758	87.872721	90.673077	93.816380	92.895620	84.349995	94.053340	92.297616	94.050358	93.431477	93.092507	89.430898	93.518990	89.955402	89.378283	90.631225	-57.358122	-44.790854	-43.933116	-40.187102	0.000000	88.189819	94.100565	94.173449	89.101310	91.324795	
93.821751	92.173580	91.413142	93.362112	94.124473	89.222211	83.274460	93.205891	93.926515	93.776214	93.001174	93.318615	93.093199	93.796885	94.175741	93.759509	94.175333	90.559912	87.630058	86.099018	91.581002	88.254871	88.049858	84.726909	90.691278	91.353688	92.809759	93.763241	94.001591	90.548048	93.168391	89.056614	94.090637	94.121184	94.139121	83.259089	90.650631	85.771797	82.393055	85.309824	93.851393	91.072361	91.340454	88.898883	88.189819	0.000000	-78.904688	-70.754973	-50.671404	-53.540711	
91.405448	92.943106	92.969834	92.061327	88.507236	78.425466	71.111098	85.032780	87.514578	86.710117	91.701082	91.419102	91.870416	90.351976	89.068677	90.934666	89.540674	93.360823	94.088777	94.158749	93.762553	94.174207	94.175291	93.936742	93.944674	93.354817	92.301178	86.536567	90.159852	93.511267	84.497382	78.357151	87.058587	88.200627	89.919322	94.139382	93.390209	94.176004	94.131993	94.165513	91.228457	93.702326	93.607833	94.055871	94.100565	-78.904688	0.000000	-89.956472	-81.685260	-82.000173	
93.069222	94.039241	94.094762	93.534605	90.655107	80.923738	74.012685	86.512564	88.824470	88.567835	93.547680	93.669432	93.700642	93.092111	91.701864	93.067314	91.627795	94.127266	94.012816	93.696753	94.176763	93.440154	93.794149	92.637609	94.155237	93.970269	93.373059	89.184049	92.225360	94.085705	87.543629	81.523221	89.998134	90.058988	92.087385	92.267700	94.137759	93.160680	92.379638	93.260385	91.817885	93.958091	93.818516	94.127399	94.173449	-70.754973	-89.956472	0.000000	-72.274734	-74.074887	
93.573271	91.755013	91.453702	92.876160	94.133525	88.727603	83.358006	92.880545	93.736326	93.552501	93.536376	93.664629	93.577804	94.151493	94.140777	94.070225	94.174451	92.096970	88.662742	87.299704	92.343085	88.272067	88.428194	83.901751	91.462826	92.611201	93.624357	93.398964	94.176493	91.750566	92.960495	89.426125	94.107598	94.167967	94.008549	85.341918	91.389570	86.991203	84.832931	86.965006	94.067190	91.028304	91.952541	90.191383	89.101310	-50.671404	-81.685260	-72.274734	0.000000	-57.963949	
94.152907	93.042852	92.881205	93.988532	93.748250	86.709903	80.342209	91.256757	92.927637	92.560279	94.015301	94.017113	93.939092	94.177136	93.856772	94.061109	93.811530	93.680835	91.739079	91.033119	93.077337	89.608314	90.169601	86.571415	92.053255	92.980172	94.009263	93.003914	94.138742	92.846383	92.587583	88.096957	93.844621	93.975946	94.155517	87.727220	92.552298	89.016836	86.062647	89.068041	94.145361	93.252206	93.303428	92.128937	91.324795	-53.540711	-82.000173	-74.074887	-57.963949	0.000000	
