Vec[0] = 1.36743962027768373
0.671621	-0.027313	-0.732866	0.026888	0.020042	0.017659	-0.025433	0.001540	-0.018117	-0.070133	-0.002980	-0.020837	0.015748	0.022314	0.018614	-0.002997	0.015292	-0.006542	0.026094	0.016759	0.002650	0.016355	0.001369	0.000147	0.021368	0.013328	0.005625	0.001591	-0.003363	0.003830	

Vec[1] = 1.03159414523048243
0.418530	-0.793513	0.408084	-0.019212	-0.007760	-0.008114	0.030541	0.014891	-0.010232	0.034777	0.021098	-0.074091	-0.029766	-0.033940	-0.019095	-0.050796	-0.052746	-0.024066	-0.006472	0.011941	0.062847	0.020313	0.019546	0.033284	0.018054	-0.037827	0.002955	0.021498	-0.005024	0.055720	

Vec[2] = 0.18143878193505308
0.068575	0.038349	0.116753	0.256128	0.253529	0.204753	-0.461331	-0.368823	-0.367591	0.063568	0.042809	0.049817	0.034341	0.037131	-0.006116	-0.039828	0.031843	-0.089081	0.042026	0.055649	0.052594	-0.103993	-0.052649	-0.214607	0.272386	0.252652	0.247648	-0.082947	-0.044149	-0.165739	

Vec[3] = 0.13342887444704951
-0.172543	-0.163782	-0.090488	0.034059	0.006594	-0.009773	0.059845	0.272628	0.065151	-0.202159	-0.079893	-0.268984	0.475523	0.220634	0.205826	-0.046764	-0.071136	-0.059292	0.038710	-0.003537	-0.000827	0.193142	0.028294	0.061572	0.212216	0.179696	0.059629	-0.305568	-0.306253	-0.304600	

Vec[4] = 0.10480191293886187
-0.287173	-0.200325	-0.184993	0.117237	0.056634	0.124943	-0.197833	0.001435	-0.089923	-0.378106	-0.221669	-0.229161	-0.164929	-0.118241	-0.134200	0.246362	0.122614	-0.013939	0.198629	0.200649	0.300091	0.205085	0.078925	0.236130	0.032021	-0.124557	0.119740	0.159643	0.105907	0.205588	

Vec[5] = 0.08067953909880854
-0.168087	-0.233758	-0.197791	-0.148966	0.003833	0.008228	-0.019527	-0.027218	0.045624	0.404881	0.158425	0.271508	-0.133953	-0.164645	-0.149108	0.171401	0.410552	0.201281	0.061689	0.068912	-0.003462	0.134378	0.067888	0.146053	-0.084602	0.040469	0.143985	-0.232677	-0.302047	-0.237846	

Vec[6] = 0.07212241970837577
0.110525	0.181312	0.079392	0.057524	-0.081576	0.065825	-0.246107	-0.021627	-0.009007	0.202592	0.021868	0.152721	0.078644	0.038929	-0.149227	-0.297617	-0.419097	-0.114767	0.048527	0.041345	0.145725	0.449430	0.215079	0.332034	-0.164563	-0.226202	0.065750	0.055495	-0.169576	-0.052815	

Vec[7] = 0.05915203426032997
0.286342	0.256657	0.261091	0.104976	-0.063489	-0.001156	0.257234	-0.126577	0.003780	-0.172357	-0.118084	-0.042189	-0.010546	0.024008	-0.108477	0.210837	0.158716	0.077854	0.160450	0.099013	0.410088	-0.052611	-0.112417	0.007043	-0.124962	-0.183264	-0.107635	-0.061078	-0.067909	-0.514603	

Vec[8] = 0.04928362787381877
-0.045084	-0.110868	-0.031659	0.115864	0.193157	0.158376	-0.125550	-0.119227	-0.112199	0.053868	0.013717	0.032289	0.260117	0.147748	0.386243	0.310968	-0.101062	0.084355	-0.018021	0.100892	-0.162915	-0.118450	-0.048202	0.094906	-0.598991	-0.229866	-0.043182	-0.142067	0.113863	0.020142	

Vec[9] = 0.04247888042439469
0.162975	0.125258	0.159433	-0.023845	0.133886	0.073745	0.152154	-0.032539	-0.193226	-0.210753	-0.146667	-0.106834	-0.121464	0.072324	-0.140019	0.151374	0.161055	0.030558	-0.268062	-0.291099	-0.502032	0.204799	0.152851	0.301885	-0.058663	0.072362	0.293450	0.087452	-0.017282	-0.111021	

Vec[10] = 0.03771328150581018
0.202839	0.207175	0.189640	-0.061254	0.209337	0.059078	-0.370837	0.339292	0.146227	0.112969	-0.031750	-0.151654	-0.034765	-0.165528	0.069093	0.228657	0.196903	-0.138246	-0.026753	0.152350	-0.198546	-0.002945	0.086994	0.002507	0.265071	-0.307340	-0.303089	-0.127967	-0.151583	0.087761	

Vec[11] = 0.03361020603230359
0.043953	0.065949	0.042472	-0.098057	0.199485	-0.046633	0.258420	-0.396555	0.437061	-0.093492	0.114789	-0.023438	-0.130572	-0.074751	0.192864	0.159720	-0.141836	-0.323228	0.069513	0.247772	-0.058921	0.161498	0.050259	-0.146134	0.024703	-0.000111	0.315060	-0.090564	-0.198419	0.160514	

Vec[12] = 0.03146102127329471
-0.066933	-0.115458	-0.028492	0.025742	0.126263	0.235026	0.027673	-0.026800	0.026630	-0.313320	0.074666	0.377759	-0.173622	-0.128994	0.231608	-0.005566	-0.123312	0.149802	-0.000452	0.044308	-0.136186	0.271202	0.239175	-0.180329	0.079979	0.114451	-0.438010	0.208520	0.016390	-0.289676	

Vec[13] = 0.02654482604186047
-0.021578	-0.077514	-0.015404	-0.054485	-0.282806	-0.346081	-0.063977	-0.173777	-0.109192	0.053288	-0.067419	0.231708	0.197958	0.414261	-0.165479	0.338133	0.070304	-0.271269	-0.010125	0.297500	-0.194681	0.082125	0.034086	0.005197	0.157984	0.008746	-0.169697	0.246267	0.046312	-0.034162	

Vec[14] = 0.02556485165761658
-0.049769	-0.107773	-0.037763	0.448094	0.140533	0.180718	-0.104114	0.030546	0.561659	-0.044396	0.018539	0.147508	-0.000723	0.327136	-0.401135	0.047862	0.049183	-0.041116	-0.045911	-0.273397	-0.039993	-0.028247	-0.099703	-0.077384	-0.035928	-0.054833	-0.046166	-0.043886	0.045531	0.006473	

Vec[15] = 0.02005271332306705
-0.065713	-0.021029	-0.076894	-0.324042	0.396226	0.246532	0.261064	0.002344	-0.187124	0.215384	0.085695	-0.072610	-0.147457	0.271991	-0.172126	0.131484	-0.200864	-0.264968	0.076561	-0.099655	0.172168	-0.018533	0.002436	0.193041	0.132050	0.083719	-0.267998	-0.176915	0.200354	-0.020449	

Vec[16] = 0.01899892236009060
0.022350	-0.004386	0.001699	-0.191572	0.055739	-0.249766	-0.307444	0.166415	0.273991	0.079818	0.115297	-0.120028	0.004067	-0.129804	0.063521	0.217955	-0.139517	-0.094938	0.103221	-0.167695	0.076292	-0.047761	0.187068	-0.012200	-0.096190	0.194812	0.233129	0.186879	0.429997	-0.407002	

Vec[17] = 0.01755218598811360
0.010619	0.010000	0.022155	-0.122140	0.059173	0.045956	0.014189	0.514025	-0.221121	-0.249046	0.236679	0.247315	-0.137863	0.212312	-0.164511	0.059447	-0.089560	-0.087573	-0.123138	0.206530	0.092959	-0.093557	0.070263	-0.344923	-0.160923	-0.134675	0.343017	-0.028506	-0.119089	0.007883	

Vec[18] = 0.01694938811276997
0.028610	0.030917	0.047428	-0.317483	0.182812	-0.024195	-0.199058	-0.076933	0.211866	-0.063227	-0.019950	-0.188525	-0.183557	0.429662	-0.008160	-0.326390	0.076381	0.422331	0.011184	0.393201	-0.091061	0.009285	-0.170003	0.089116	-0.044044	0.064632	0.006234	0.088811	0.043436	-0.076337	

Vec[19] = 0.01569224700253554
0.008835	0.036952	-0.009897	0.017879	-0.110249	-0.006111	0.010135	-0.138452	-0.041903	0.135285	0.205968	-0.316367	0.017691	0.132336	-0.113719	0.377722	-0.296471	0.536398	-0.077895	-0.135157	0.078326	0.085699	0.276687	-0.258673	0.163604	-0.087081	-0.015152	0.029103	-0.145075	0.131539	

Vec[20] = 0.01312920027629824
0.155537	0.137395	0.152246	0.145870	-0.057935	-0.067581	-0.055579	0.176561	0.006355	-0.086339	0.128896	0.049208	-0.025996	-0.114285	-0.147745	0.228979	-0.137428	0.101145	0.118825	0.183307	-0.013607	0.124597	-0.174769	0.164084	-0.206601	0.659718	-0.155910	-0.196336	-0.038550	0.251978	

Vec[21] = 0.01122867944213451
0.016293	0.047921	0.023558	0.066855	0.104360	0.149704	0.161310	-0.013784	-0.019241	0.131010	0.167760	-0.283785	0.332806	-0.064955	-0.206360	-0.206207	0.378560	-0.115495	-0.061215	0.222079	0.024655	0.214459	0.349315	-0.280150	-0.256886	0.129310	-0.101271	0.117753	0.199249	0.057031	

Vec[22] = 0.01021074825165803
-0.048965	-0.023770	-0.053254	0.225631	-0.144670	0.277029	0.111709	0.199640	-0.030109	0.337519	0.007904	-0.299144	-0.262116	0.065475	0.134539	0.072512	-0.082052	-0.165136	0.148347	0.087458	-0.150107	0.005076	-0.263225	-0.064816	-0.087161	0.093065	0.032364	0.474099	-0.248872	-0.169822	

Vec[23] = 0.00844545517704537
0.050661	0.051867	0.076401	0.038614	0.234252	-0.107072	0.140740	0.102119	-0.099665	-0.022128	0.310808	0.140444	0.245835	0.011062	0.019570	-0.017063	0.101673	0.176539	0.622097	-0.140568	-0.158497	0.194458	-0.224081	0.023025	0.170534	-0.190078	0.131087	0.178569	0.114718	0.116074	

Vec[24] = 0.00813710066216001
-0.018974	0.016698	0.002287	0.201009	0.178030	-0.438628	-0.085538	-0.017163	-0.103651	-0.051093	0.331132	-0.093554	-0.259006	0.248786	0.306430	-0.063640	0.257201	-0.129788	-0.150069	-0.253645	0.276834	0.129329	0.056525	0.090127	-0.116559	0.036324	-0.166601	0.084891	-0.193997	0.080813	

Vec[25] = 0.00781241678958460
0.093708	0.056127	0.099529	-0.348966	-0.235825	0.256910	-0.173207	-0.025526	0.049609	-0.025660	-0.280214	0.087513	-0.023508	0.259581	0.160593	0.038458	0.214335	-0.073047	0.363008	-0.352509	0.101258	0.073239	0.160721	-0.220431	-0.177231	0.154807	-0.001046	-0.010287	-0.147075	0.212487	

Vec[26] = 0.00604317000339134
0.078896	0.079368	0.070089	-0.118342	-0.127069	0.363664	0.011879	0.049887	0.137910	0.042923	0.207027	0.172795	0.231812	0.043075	0.250664	0.159853	0.164114	0.061111	-0.419403	0.010527	0.313302	0.155484	-0.242699	0.193604	0.221284	0.055224	0.153040	0.214696	0.145662	0.108756	

Vec[27] = 0.00544598469713758
0.014718	-0.000616	-0.006029	-0.043384	0.512234	-0.210612	0.079952	0.100666	0.017643	0.179414	-0.500262	0.175605	0.215512	-0.085030	-0.049449	0.074751	-0.074362	0.133702	-0.132691	-0.024249	0.199335	0.000706	-0.041135	-0.113204	-0.057977	0.128607	0.020357	0.339226	-0.243023	0.094853	

Vec[28] = 0.00485743847082848
0.057965	0.050094	0.048432	0.347284	-0.033356	-0.069402	0.192292	0.199191	-0.005312	0.291092	-0.313712	0.129489	-0.242571	0.209489	0.289345	-0.010722	0.049005	0.130932	0.052047	0.165356	0.039201	0.181124	0.229945	-0.047732	0.169686	0.022650	0.176120	-0.244450	0.373932	0.055607	

Vec[29] = 0.00271023905210850
0.032752	0.044939	0.041357	0.124672	0.024659	0.113266	0.109612	0.028021	0.100380	-0.037033	0.125393	0.106021	0.090063	0.088486	0.067869	-0.040686	0.033166	0.052093	0.171623	0.121079	0.031465	-0.570908	0.512119	0.388531	0.102925	0.121094	0.052017	0.203245	-0.174651	0.070367	

