Vec[0] = 1.86743962027768418
0.671621	-0.027313	-0.732866	0.026888	0.020042	0.017659	-0.025433	0.001540	-0.018117	-0.070133	-0.002980	-0.020837	0.015748	0.022314	0.018614	-0.002997	0.015292	-0.006542	0.026094	0.016759	0.002650	0.016355	0.001369	0.000147	0.021368	0.013328	0.005625	0.001591	-0.003363	0.003830	

Vec[1] = 1.53159414523048265
0.418530	-0.793513	0.408084	-0.019212	-0.007760	-0.008114	0.030541	0.014891	-0.010232	0.034777	0.021098	-0.074091	-0.029766	-0.033940	-0.019095	-0.050796	-0.052746	-0.024066	-0.006472	0.011941	0.062847	0.020313	0.019546	0.033284	0.018054	-0.037827	0.002955	0.021498	-0.005024	0.055720	

Vec[2] = 0.68143878193505314
0.068575	0.038349	0.116753	0.256128	0.253529	0.204753	-0.461331	-0.368823	-0.367591	0.063568	0.042809	0.049817	0.034341	0.037131	-0.006116	-0.039828	0.031843	-0.089081	0.042026	0.055649	0.052594	-0.103993	-0.052649	-0.214607	0.272386	0.252652	0.247648	-0.082947	-0.044149	-0.165739	

Vec[3] = 0.63342887444704976
-0.172543	-0.163782	-0.090488	0.034059	0.006594	-0.009773	0.059845	0.272628	0.065151	-0.202159	-0.079893	-0.268984	0.475523	0.220634	0.205826	-0.046764	-0.071136	-0.059292	0.038710	-0.003537	-0.000827	0.193142	0.028294	0.061572	0.212216	0.179696	0.059629	-0.305568	-0.306253	-0.304600	

Vec[4] = 0.60480191293886210
-0.287173	-0.200325	-0.184993	0.117237	0.056634	0.124943	-0.197833	0.001435	-0.089923	-0.378106	-0.221669	-0.229161	-0.164929	-0.118241	-0.134200	0.246362	0.122614	-0.013939	0.198629	0.200649	0.300091	0.205085	0.078925	0.236130	0.032021	-0.124557	0.119740	0.159643	0.105907	0.205588	

Vec[5] = 0.58067953909878001
-0.168087	-0.233757	-0.197791	-0.148966	0.003833	0.008228	-0.019527	-0.027218	0.045624	0.404882	0.158426	0.271508	-0.133953	-0.164645	-0.149108	0.171400	0.410551	0.201280	0.061689	0.068912	-0.003462	0.134378	0.067889	0.146054	-0.084602	0.040469	0.143985	-0.232677	-0.302047	-0.237846	

Vec[6] = 0.57212241970839584
0.110526	0.181312	0.079393	0.057524	-0.081576	0.065825	-0.246106	-0.021627	-0.009007	0.202591	0.021868	0.152720	0.078645	0.038929	-0.149227	-0.297617	-0.419097	-0.114768	0.048527	0.041345	0.145725	0.449430	0.215079	0.332033	-0.164563	-0.226202	0.065750	0.055496	-0.169575	-0.052815	

Vec[7] = 0.55915203426032623
0.286342	0.256657	0.261091	0.104976	-0.063489	-0.001156	0.257234	-0.126577	0.003780	-0.172357	-0.118084	-0.042189	-0.010545	0.024008	-0.108477	0.210838	0.158716	0.077854	0.160450	0.099013	0.410087	-0.052611	-0.112417	0.007043	-0.124963	-0.183264	-0.107635	-0.061078	-0.067909	-0.514603	

Vec[8] = 0.54928362787380258
-0.045084	-0.110868	-0.031659	0.115864	0.193157	0.158376	-0.125550	-0.119227	-0.112199	0.053868	0.013717	0.032289	0.260117	0.147748	0.386242	0.310968	-0.101062	0.084355	-0.018022	0.100891	-0.162916	-0.118450	-0.048202	0.094906	-0.598991	-0.229866	-0.043182	-0.142067	0.113863	0.020142	

Vec[9] = 0.54247888042439574
0.162976	0.125259	0.159433	-0.023846	0.133886	0.073745	0.152153	-0.032538	-0.193225	-0.210753	-0.146667	-0.106834	-0.121465	0.072323	-0.140019	0.151374	0.161056	0.030558	-0.268062	-0.291099	-0.502032	0.204799	0.152851	0.301884	-0.058661	0.072362	0.293449	0.087452	-0.017282	-0.111021	

Vec[10] = 0.53771328150578901
0.202839	0.207175	0.189640	-0.061254	0.209337	0.059078	-0.370836	0.339291	0.146229	0.112969	-0.031749	-0.151653	-0.034765	-0.165529	0.069094	0.228657	0.196902	-0.138248	-0.026752	0.152351	-0.198546	-0.002945	0.086994	0.002506	0.265072	-0.307340	-0.303088	-0.127967	-0.151584	0.087762	

Vec[11] = 0.53361020603226539
0.043952	0.065948	0.042472	-0.098057	0.199485	-0.046631	0.258422	-0.396556	0.437061	-0.093494	0.114789	-0.023435	-0.130573	-0.074751	0.192865	0.159720	-0.141837	-0.323226	0.069513	0.247771	-0.058921	0.161500	0.050260	-0.146135	0.024703	-0.000110	0.315059	-0.090563	-0.198418	0.160511	

Vec[12] = 0.53146102127335071
-0.066933	-0.115458	-0.028492	0.025742	0.126261	0.235026	0.027672	-0.026798	0.026627	-0.313319	0.074665	0.377759	-0.173621	-0.128992	0.231606	-0.005566	-0.123311	0.149803	-0.000452	0.044307	-0.136186	0.271201	0.239175	-0.180328	0.079979	0.114451	-0.438012	0.208521	0.016391	-0.289677	

Vec[13] = 0.52654482604158004
-0.021579	-0.077516	-0.015405	-0.054477	-0.282804	-0.346079	-0.063979	-0.173777	-0.109182	0.053288	-0.067418	0.231710	0.197959	0.414267	-0.165486	0.338133	0.070305	-0.271270	-0.010126	0.297495	-0.194681	0.082123	0.034083	0.005196	0.157983	0.008745	-0.169697	0.246266	0.046313	-0.034161	

Vec[14] = 0.52556485165789835
-0.049769	-0.107772	-0.037763	0.448094	0.140539	0.180725	-0.104113	0.030549	0.561661	-0.044397	0.018541	0.147503	-0.000726	0.327130	-0.401132	0.047857	0.049182	-0.041112	-0.045911	-0.273402	-0.039989	-0.028249	-0.099704	-0.077384	-0.035930	-0.054833	-0.046163	-0.043891	0.045531	0.006474	

Vec[15] = 0.52005271332289305
-0.065713	-0.021029	-0.076893	-0.324045	0.396227	0.246528	0.261060	0.002346	-0.187121	0.215386	0.085696	-0.072612	-0.147457	0.271989	-0.172124	0.131487	-0.200866	-0.264969	0.076563	-0.099656	0.172169	-0.018533	0.002439	0.193041	0.132049	0.083722	-0.267995	-0.176912	0.200360	-0.020455	

Vec[16] = 0.51899892236017586
0.022351	-0.004386	0.001701	-0.191569	0.055734	-0.249769	-0.307448	0.166419	0.273992	0.079813	0.115298	-0.120025	0.004068	-0.129805	0.063522	0.217954	-0.139515	-0.094934	0.103219	-0.167692	0.076290	-0.047762	0.187068	-0.012205	-0.096194	0.194810	0.233136	0.186882	0.429994	-0.407002	

Vec[17] = 0.51755218598795105
0.010619	0.010000	0.022156	-0.122144	0.059176	0.045957	0.014188	0.514022	-0.221119	-0.249047	0.236677	0.247312	-0.137867	0.212322	-0.164512	0.059439	-0.089557	-0.087564	-0.123139	0.206540	0.092956	-0.093556	0.070257	-0.344921	-0.160923	-0.134676	0.343015	-0.028506	-0.119092	0.007885	

Vec[18] = 0.51694938811286761
0.028610	0.030917	0.047427	-0.317480	0.182809	-0.024195	-0.199058	-0.076945	0.211870	-0.063221	-0.019953	-0.188533	-0.183554	0.429659	-0.008158	-0.326387	0.076379	0.422339	0.011185	0.393196	-0.091063	0.009288	-0.170001	0.089120	-0.044039	0.064633	0.006227	0.088812	0.043437	-0.076335	

Vec[19] = 0.51569224700266203
0.008836	0.036952	-0.009896	0.017883	-0.110251	-0.006111	0.010137	-0.138451	-0.041905	0.135285	0.205969	-0.316364	0.017693	0.132331	-0.113720	0.377726	-0.296472	0.536393	-0.077894	-0.135161	0.078327	0.085700	0.276689	-0.258674	0.163604	-0.087079	-0.015153	0.029101	-0.145075	0.131541	

Vec[20] = 0.51312920027625775
0.155537	0.137395	0.152247	0.145870	-0.057934	-0.067580	-0.055578	0.176561	0.006355	-0.086339	0.128896	0.049207	-0.025993	-0.114286	-0.147746	0.228976	-0.137424	0.101142	0.118825	0.183309	-0.013608	0.124598	-0.174768	0.164083	-0.206603	0.659719	-0.155911	-0.196335	-0.038548	0.251978	

Vec[21] = 0.51122867944206718
0.016292	0.047919	0.023556	0.066857	0.104359	0.149707	0.161311	-0.013783	-0.019241	0.131015	0.167759	-0.283789	0.332803	-0.064954	-0.206357	-0.206208	0.378560	-0.115498	-0.061214	0.222079	0.024653	0.214458	0.349313	-0.280152	-0.256885	0.129306	-0.101269	0.117760	0.199246	0.057027	

Vec[22] = 0.51021074825172386
-0.048965	-0.023770	-0.053254	0.225630	-0.144669	0.277027	0.111708	0.199641	-0.030110	0.337517	0.007904	-0.299140	-0.262118	0.065476	0.134542	0.072514	-0.082056	-0.165133	0.148352	0.087454	-0.150109	0.005075	-0.263231	-0.064813	-0.087157	0.093062	0.032367	0.474099	-0.248873	-0.169822	

Vec[23] = 0.50844545517635142
0.050660	0.051868	0.076401	0.038622	0.234262	-0.107096	0.140735	0.102117	-0.099670	-0.022132	0.310824	0.140441	0.245824	0.011074	0.019584	-0.017066	0.101687	0.176534	0.622088	-0.140582	-0.158482	0.194464	-0.224076	0.023030	0.170529	-0.190077	0.131078	0.178570	0.114710	0.116080	

Vec[24] = 0.50813710066235840
-0.018972	0.016698	0.002288	0.200993	0.178008	-0.438612	-0.085552	-0.017169	-0.103644	-0.051093	0.331104	-0.093557	-0.259019	0.248796	0.306436	-0.063638	0.257205	-0.129800	-0.150085	-0.253653	0.276846	0.129323	0.056543	0.090117	-0.116576	0.036340	-0.166608	0.084882	-0.194009	0.080817	

Vec[25] = 0.50781241679009193
0.093709	0.056127	0.099529	-0.348976	-0.235833	0.256931	-0.173204	-0.025524	0.049614	-0.025657	-0.280227	0.087518	-0.023496	0.259571	0.160581	0.038462	0.214325	-0.073041	0.363011	-0.352498	0.101248	0.073234	0.160717	-0.220434	-0.177224	0.154805	-0.001038	-0.010289	-0.147065	0.212484	

Vec[26] = 0.50604317000319876
0.078896	0.079367	0.070089	-0.118341	-0.127057	0.363658	0.011882	0.049890	0.137910	0.042927	0.207019	0.172799	0.231817	0.043071	0.250662	0.159854	0.164111	0.061114	-0.419408	0.010529	0.313305	0.155483	-0.242701	0.193603	0.221284	0.055226	0.153041	0.214704	0.145658	0.108757	

Vec[27] = 0.50544598469685964
0.014718	-0.000617	-0.006029	-0.043371	0.512235	-0.210622	0.079957	0.100671	0.017640	0.179422	-0.500276	0.175605	0.215499	-0.085024	-0.049446	0.074747	-0.074364	0.133705	-0.132680	-0.024244	0.199329	0.000708	-0.041123	-0.113210	-0.057977	0.128606	0.020359	0.339214	-0.243015	0.094852	

Vec[28] = 0.50485743847130016
0.057965	0.050094	0.048432	0.347286	-0.033371	-0.069395	0.192290	0.199188	-0.005312	0.291086	-0.313696	0.129485	-0.242577	0.209492	0.289347	-0.010725	0.049007	0.130928	0.052052	0.165357	0.039195	0.181120	0.229950	-0.047727	0.169689	0.022647	0.176120	-0.244459	0.373938	0.055604	

Vec[29] = 0.50271023905217915
0.032752	0.044938	0.041357	0.124670	0.024660	0.113267	0.109611	0.028020	0.100380	-0.037035	0.125395	0.106021	0.090064	0.088485	0.067867	-0.040686	0.033165	0.052093	0.171622	0.121078	0.031465	-0.570909	0.512118	0.388531	0.102924	0.121094	0.052016	0.203246	-0.174653	0.070366	

